%HEADERFile Generated by FAST Model Definer v1.0.0-beta.

%HEADER.ANALYSIS.ALGORITHM 
'ModalAnalysis'
'LinearStability' 
 
%HEADER.ANALYSIS.MAXIMUM.ITERATIONS 
100 
 
%HEADER.ANALYSIS.TOLERANCE 
1.0e-05 

%NODE
625

%NODE.COORD
625
1	-5.000000000E+00	-5.000000000E+00	0.000000000E+00
2	-4.791666667E+00	-5.000000000E+00	0.000000000E+00
3	-4.375000000E+00	-5.000000000E+00	0.000000000E+00
4	-3.750000000E+00	-5.000000000E+00	0.000000000E+00
5	-3.125000000E+00	-5.000000000E+00	0.000000000E+00
6	-2.708333333E+00	-5.000000000E+00	0.000000000E+00
7	-2.500000000E+00	-5.000000000E+00	0.000000000E+00
8	-2.291666667E+00	-5.000000000E+00	0.000000000E+00
9	-1.875000000E+00	-5.000000000E+00	0.000000000E+00
10	-1.250000000E+00	-5.000000000E+00	0.000000000E+00
11	-6.250000000E-01	-5.000000000E+00	0.000000000E+00
12	-2.083333333E-01	-5.000000000E+00	0.000000000E+00
13	0.000000000E+00	-5.000000000E+00	0.000000000E+00
14	2.083333333E-01	-5.000000000E+00	0.000000000E+00
15	6.250000000E-01	-5.000000000E+00	0.000000000E+00
16	1.250000000E+00	-5.000000000E+00	0.000000000E+00
17	1.875000000E+00	-5.000000000E+00	0.000000000E+00
18	2.291666667E+00	-5.000000000E+00	0.000000000E+00
19	2.500000000E+00	-5.000000000E+00	0.000000000E+00
20	2.708333333E+00	-5.000000000E+00	0.000000000E+00
21	3.125000000E+00	-5.000000000E+00	0.000000000E+00
22	3.750000000E+00	-5.000000000E+00	0.000000000E+00
23	4.375000000E+00	-5.000000000E+00	0.000000000E+00
24	4.791666667E+00	-5.000000000E+00	0.000000000E+00
25	5.000000000E+00	-5.000000000E+00	0.000000000E+00
26	-5.000000000E+00	-4.791666667E+00	0.000000000E+00
27	-4.791666667E+00	-4.791666667E+00	0.000000000E+00
28	-4.375000000E+00	-4.791666667E+00	0.000000000E+00
29	-3.750000000E+00	-4.791666667E+00	0.000000000E+00
30	-3.125000000E+00	-4.791666667E+00	0.000000000E+00
31	-2.708333333E+00	-4.791666667E+00	0.000000000E+00
32	-2.500000000E+00	-4.791666667E+00	0.000000000E+00
33	-2.291666667E+00	-4.791666667E+00	0.000000000E+00
34	-1.875000000E+00	-4.791666667E+00	0.000000000E+00
35	-1.250000000E+00	-4.791666667E+00	0.000000000E+00
36	-6.250000000E-01	-4.791666667E+00	0.000000000E+00
37	-2.083333333E-01	-4.791666667E+00	0.000000000E+00
38	0.000000000E+00	-4.791666667E+00	0.000000000E+00
39	2.083333333E-01	-4.791666667E+00	0.000000000E+00
40	6.250000000E-01	-4.791666667E+00	0.000000000E+00
41	1.250000000E+00	-4.791666667E+00	0.000000000E+00
42	1.875000000E+00	-4.791666667E+00	0.000000000E+00
43	2.291666667E+00	-4.791666667E+00	0.000000000E+00
44	2.500000000E+00	-4.791666667E+00	0.000000000E+00
45	2.708333333E+00	-4.791666667E+00	0.000000000E+00
46	3.125000000E+00	-4.791666667E+00	0.000000000E+00
47	3.750000000E+00	-4.791666667E+00	0.000000000E+00
48	4.375000000E+00	-4.791666667E+00	0.000000000E+00
49	4.791666667E+00	-4.791666667E+00	0.000000000E+00
50	5.000000000E+00	-4.791666667E+00	0.000000000E+00
51	-5.000000000E+00	-4.375000000E+00	0.000000000E+00
52	-4.791666667E+00	-4.375000000E+00	0.000000000E+00
53	-4.375000000E+00	-4.375000000E+00	0.000000000E+00
54	-3.750000000E+00	-4.375000000E+00	0.000000000E+00
55	-3.125000000E+00	-4.375000000E+00	0.000000000E+00
56	-2.708333333E+00	-4.375000000E+00	0.000000000E+00
57	-2.500000000E+00	-4.375000000E+00	0.000000000E+00
58	-2.291666667E+00	-4.375000000E+00	0.000000000E+00
59	-1.875000000E+00	-4.375000000E+00	0.000000000E+00
60	-1.250000000E+00	-4.375000000E+00	0.000000000E+00
61	-6.250000000E-01	-4.375000000E+00	0.000000000E+00
62	-2.083333333E-01	-4.375000000E+00	0.000000000E+00
63	0.000000000E+00	-4.375000000E+00	0.000000000E+00
64	2.083333333E-01	-4.375000000E+00	0.000000000E+00
65	6.250000000E-01	-4.375000000E+00	0.000000000E+00
66	1.250000000E+00	-4.375000000E+00	0.000000000E+00
67	1.875000000E+00	-4.375000000E+00	0.000000000E+00
68	2.291666667E+00	-4.375000000E+00	0.000000000E+00
69	2.500000000E+00	-4.375000000E+00	0.000000000E+00
70	2.708333333E+00	-4.375000000E+00	0.000000000E+00
71	3.125000000E+00	-4.375000000E+00	0.000000000E+00
72	3.750000000E+00	-4.375000000E+00	0.000000000E+00
73	4.375000000E+00	-4.375000000E+00	0.000000000E+00
74	4.791666667E+00	-4.375000000E+00	0.000000000E+00
75	5.000000000E+00	-4.375000000E+00	0.000000000E+00
76	-5.000000000E+00	-3.750000000E+00	0.000000000E+00
77	-4.791666667E+00	-3.750000000E+00	0.000000000E+00
78	-4.375000000E+00	-3.750000000E+00	0.000000000E+00
79	-3.750000000E+00	-3.750000000E+00	0.000000000E+00
80	-3.125000000E+00	-3.750000000E+00	0.000000000E+00
81	-2.708333333E+00	-3.750000000E+00	0.000000000E+00
82	-2.500000000E+00	-3.750000000E+00	0.000000000E+00
83	-2.291666667E+00	-3.750000000E+00	0.000000000E+00
84	-1.875000000E+00	-3.750000000E+00	0.000000000E+00
85	-1.250000000E+00	-3.750000000E+00	0.000000000E+00
86	-6.250000000E-01	-3.750000000E+00	0.000000000E+00
87	-2.083333333E-01	-3.750000000E+00	0.000000000E+00
88	0.000000000E+00	-3.750000000E+00	0.000000000E+00
89	2.083333333E-01	-3.750000000E+00	0.000000000E+00
90	6.250000000E-01	-3.750000000E+00	0.000000000E+00
91	1.250000000E+00	-3.750000000E+00	0.000000000E+00
92	1.875000000E+00	-3.750000000E+00	0.000000000E+00
93	2.291666667E+00	-3.750000000E+00	0.000000000E+00
94	2.500000000E+00	-3.750000000E+00	0.000000000E+00
95	2.708333333E+00	-3.750000000E+00	0.000000000E+00
96	3.125000000E+00	-3.750000000E+00	0.000000000E+00
97	3.750000000E+00	-3.750000000E+00	0.000000000E+00
98	4.375000000E+00	-3.750000000E+00	0.000000000E+00
99	4.791666667E+00	-3.750000000E+00	0.000000000E+00
100	5.000000000E+00	-3.750000000E+00	0.000000000E+00
101	-5.000000000E+00	-3.125000000E+00	0.000000000E+00
102	-4.791666667E+00	-3.125000000E+00	0.000000000E+00
103	-4.375000000E+00	-3.125000000E+00	0.000000000E+00
104	-3.750000000E+00	-3.125000000E+00	0.000000000E+00
105	-3.125000000E+00	-3.125000000E+00	0.000000000E+00
106	-2.708333333E+00	-3.125000000E+00	0.000000000E+00
107	-2.500000000E+00	-3.125000000E+00	0.000000000E+00
108	-2.291666667E+00	-3.125000000E+00	0.000000000E+00
109	-1.875000000E+00	-3.125000000E+00	0.000000000E+00
110	-1.250000000E+00	-3.125000000E+00	0.000000000E+00
111	-6.250000000E-01	-3.125000000E+00	0.000000000E+00
112	-2.083333333E-01	-3.125000000E+00	0.000000000E+00
113	0.000000000E+00	-3.125000000E+00	0.000000000E+00
114	2.083333333E-01	-3.125000000E+00	0.000000000E+00
115	6.250000000E-01	-3.125000000E+00	0.000000000E+00
116	1.250000000E+00	-3.125000000E+00	0.000000000E+00
117	1.875000000E+00	-3.125000000E+00	0.000000000E+00
118	2.291666667E+00	-3.125000000E+00	0.000000000E+00
119	2.500000000E+00	-3.125000000E+00	0.000000000E+00
120	2.708333333E+00	-3.125000000E+00	0.000000000E+00
121	3.125000000E+00	-3.125000000E+00	0.000000000E+00
122	3.750000000E+00	-3.125000000E+00	0.000000000E+00
123	4.375000000E+00	-3.125000000E+00	0.000000000E+00
124	4.791666667E+00	-3.125000000E+00	0.000000000E+00
125	5.000000000E+00	-3.125000000E+00	0.000000000E+00
126	-5.000000000E+00	-2.708333333E+00	0.000000000E+00
127	-4.791666667E+00	-2.708333333E+00	0.000000000E+00
128	-4.375000000E+00	-2.708333333E+00	0.000000000E+00
129	-3.750000000E+00	-2.708333333E+00	0.000000000E+00
130	-3.125000000E+00	-2.708333333E+00	0.000000000E+00
131	-2.708333333E+00	-2.708333333E+00	0.000000000E+00
132	-2.500000000E+00	-2.708333333E+00	0.000000000E+00
133	-2.291666667E+00	-2.708333333E+00	0.000000000E+00
134	-1.875000000E+00	-2.708333333E+00	0.000000000E+00
135	-1.250000000E+00	-2.708333333E+00	0.000000000E+00
136	-6.250000000E-01	-2.708333333E+00	0.000000000E+00
137	-2.083333333E-01	-2.708333333E+00	0.000000000E+00
138	0.000000000E+00	-2.708333333E+00	0.000000000E+00
139	2.083333333E-01	-2.708333333E+00	0.000000000E+00
140	6.250000000E-01	-2.708333333E+00	0.000000000E+00
141	1.250000000E+00	-2.708333333E+00	0.000000000E+00
142	1.875000000E+00	-2.708333333E+00	0.000000000E+00
143	2.291666667E+00	-2.708333333E+00	0.000000000E+00
144	2.500000000E+00	-2.708333333E+00	0.000000000E+00
145	2.708333333E+00	-2.708333333E+00	0.000000000E+00
146	3.125000000E+00	-2.708333333E+00	0.000000000E+00
147	3.750000000E+00	-2.708333333E+00	0.000000000E+00
148	4.375000000E+00	-2.708333333E+00	0.000000000E+00
149	4.791666667E+00	-2.708333333E+00	0.000000000E+00
150	5.000000000E+00	-2.708333333E+00	0.000000000E+00
151	-5.000000000E+00	-2.500000000E+00	0.000000000E+00
152	-4.791666667E+00	-2.500000000E+00	0.000000000E+00
153	-4.375000000E+00	-2.500000000E+00	0.000000000E+00
154	-3.750000000E+00	-2.500000000E+00	0.000000000E+00
155	-3.125000000E+00	-2.500000000E+00	0.000000000E+00
156	-2.708333333E+00	-2.500000000E+00	0.000000000E+00
157	-2.500000000E+00	-2.500000000E+00	0.000000000E+00
158	-2.291666667E+00	-2.500000000E+00	0.000000000E+00
159	-1.875000000E+00	-2.500000000E+00	0.000000000E+00
160	-1.250000000E+00	-2.500000000E+00	0.000000000E+00
161	-6.250000000E-01	-2.500000000E+00	0.000000000E+00
162	-2.083333333E-01	-2.500000000E+00	0.000000000E+00
163	0.000000000E+00	-2.500000000E+00	0.000000000E+00
164	2.083333333E-01	-2.500000000E+00	0.000000000E+00
165	6.250000000E-01	-2.500000000E+00	0.000000000E+00
166	1.250000000E+00	-2.500000000E+00	0.000000000E+00
167	1.875000000E+00	-2.500000000E+00	0.000000000E+00
168	2.291666667E+00	-2.500000000E+00	0.000000000E+00
169	2.500000000E+00	-2.500000000E+00	0.000000000E+00
170	2.708333333E+00	-2.500000000E+00	0.000000000E+00
171	3.125000000E+00	-2.500000000E+00	0.000000000E+00
172	3.750000000E+00	-2.500000000E+00	0.000000000E+00
173	4.375000000E+00	-2.500000000E+00	0.000000000E+00
174	4.791666667E+00	-2.500000000E+00	0.000000000E+00
175	5.000000000E+00	-2.500000000E+00	0.000000000E+00
176	-5.000000000E+00	-2.291666667E+00	0.000000000E+00
177	-4.791666667E+00	-2.291666667E+00	0.000000000E+00
178	-4.375000000E+00	-2.291666667E+00	0.000000000E+00
179	-3.750000000E+00	-2.291666667E+00	0.000000000E+00
180	-3.125000000E+00	-2.291666667E+00	0.000000000E+00
181	-2.708333333E+00	-2.291666667E+00	0.000000000E+00
182	-2.500000000E+00	-2.291666667E+00	0.000000000E+00
183	-2.291666667E+00	-2.291666667E+00	0.000000000E+00
184	-1.875000000E+00	-2.291666667E+00	0.000000000E+00
185	-1.250000000E+00	-2.291666667E+00	0.000000000E+00
186	-6.250000000E-01	-2.291666667E+00	0.000000000E+00
187	-2.083333333E-01	-2.291666667E+00	0.000000000E+00
188	0.000000000E+00	-2.291666667E+00	0.000000000E+00
189	2.083333333E-01	-2.291666667E+00	0.000000000E+00
190	6.250000000E-01	-2.291666667E+00	0.000000000E+00
191	1.250000000E+00	-2.291666667E+00	0.000000000E+00
192	1.875000000E+00	-2.291666667E+00	0.000000000E+00
193	2.291666667E+00	-2.291666667E+00	0.000000000E+00
194	2.500000000E+00	-2.291666667E+00	0.000000000E+00
195	2.708333333E+00	-2.291666667E+00	0.000000000E+00
196	3.125000000E+00	-2.291666667E+00	0.000000000E+00
197	3.750000000E+00	-2.291666667E+00	0.000000000E+00
198	4.375000000E+00	-2.291666667E+00	0.000000000E+00
199	4.791666667E+00	-2.291666667E+00	0.000000000E+00
200	5.000000000E+00	-2.291666667E+00	0.000000000E+00
201	-5.000000000E+00	-1.875000000E+00	0.000000000E+00
202	-4.791666667E+00	-1.875000000E+00	0.000000000E+00
203	-4.375000000E+00	-1.875000000E+00	0.000000000E+00
204	-3.750000000E+00	-1.875000000E+00	0.000000000E+00
205	-3.125000000E+00	-1.875000000E+00	0.000000000E+00
206	-2.708333333E+00	-1.875000000E+00	0.000000000E+00
207	-2.500000000E+00	-1.875000000E+00	0.000000000E+00
208	-2.291666667E+00	-1.875000000E+00	0.000000000E+00
209	-1.875000000E+00	-1.875000000E+00	0.000000000E+00
210	-1.250000000E+00	-1.875000000E+00	0.000000000E+00
211	-6.250000000E-01	-1.875000000E+00	0.000000000E+00
212	-2.083333333E-01	-1.875000000E+00	0.000000000E+00
213	0.000000000E+00	-1.875000000E+00	0.000000000E+00
214	2.083333333E-01	-1.875000000E+00	0.000000000E+00
215	6.250000000E-01	-1.875000000E+00	0.000000000E+00
216	1.250000000E+00	-1.875000000E+00	0.000000000E+00
217	1.875000000E+00	-1.875000000E+00	0.000000000E+00
218	2.291666667E+00	-1.875000000E+00	0.000000000E+00
219	2.500000000E+00	-1.875000000E+00	0.000000000E+00
220	2.708333333E+00	-1.875000000E+00	0.000000000E+00
221	3.125000000E+00	-1.875000000E+00	0.000000000E+00
222	3.750000000E+00	-1.875000000E+00	0.000000000E+00
223	4.375000000E+00	-1.875000000E+00	0.000000000E+00
224	4.791666667E+00	-1.875000000E+00	0.000000000E+00
225	5.000000000E+00	-1.875000000E+00	0.000000000E+00
226	-5.000000000E+00	-1.250000000E+00	0.000000000E+00
227	-4.791666667E+00	-1.250000000E+00	0.000000000E+00
228	-4.375000000E+00	-1.250000000E+00	0.000000000E+00
229	-3.750000000E+00	-1.250000000E+00	0.000000000E+00
230	-3.125000000E+00	-1.250000000E+00	0.000000000E+00
231	-2.708333333E+00	-1.250000000E+00	0.000000000E+00
232	-2.500000000E+00	-1.250000000E+00	0.000000000E+00
233	-2.291666667E+00	-1.250000000E+00	0.000000000E+00
234	-1.875000000E+00	-1.250000000E+00	0.000000000E+00
235	-1.250000000E+00	-1.250000000E+00	0.000000000E+00
236	-6.250000000E-01	-1.250000000E+00	0.000000000E+00
237	-2.083333333E-01	-1.250000000E+00	0.000000000E+00
238	0.000000000E+00	-1.250000000E+00	0.000000000E+00
239	2.083333333E-01	-1.250000000E+00	0.000000000E+00
240	6.250000000E-01	-1.250000000E+00	0.000000000E+00
241	1.250000000E+00	-1.250000000E+00	0.000000000E+00
242	1.875000000E+00	-1.250000000E+00	0.000000000E+00
243	2.291666667E+00	-1.250000000E+00	0.000000000E+00
244	2.500000000E+00	-1.250000000E+00	0.000000000E+00
245	2.708333333E+00	-1.250000000E+00	0.000000000E+00
246	3.125000000E+00	-1.250000000E+00	0.000000000E+00
247	3.750000000E+00	-1.250000000E+00	0.000000000E+00
248	4.375000000E+00	-1.250000000E+00	0.000000000E+00
249	4.791666667E+00	-1.250000000E+00	0.000000000E+00
250	5.000000000E+00	-1.250000000E+00	0.000000000E+00
251	-5.000000000E+00	-6.250000000E-01	0.000000000E+00
252	-4.791666667E+00	-6.250000000E-01	0.000000000E+00
253	-4.375000000E+00	-6.250000000E-01	0.000000000E+00
254	-3.750000000E+00	-6.250000000E-01	0.000000000E+00
255	-3.125000000E+00	-6.250000000E-01	0.000000000E+00
256	-2.708333333E+00	-6.250000000E-01	0.000000000E+00
257	-2.500000000E+00	-6.250000000E-01	0.000000000E+00
258	-2.291666667E+00	-6.250000000E-01	0.000000000E+00
259	-1.875000000E+00	-6.250000000E-01	0.000000000E+00
260	-1.250000000E+00	-6.250000000E-01	0.000000000E+00
261	-6.250000000E-01	-6.250000000E-01	0.000000000E+00
262	-2.083333333E-01	-6.250000000E-01	0.000000000E+00
263	0.000000000E+00	-6.250000000E-01	0.000000000E+00
264	2.083333333E-01	-6.250000000E-01	0.000000000E+00
265	6.250000000E-01	-6.250000000E-01	0.000000000E+00
266	1.250000000E+00	-6.250000000E-01	0.000000000E+00
267	1.875000000E+00	-6.250000000E-01	0.000000000E+00
268	2.291666667E+00	-6.250000000E-01	0.000000000E+00
269	2.500000000E+00	-6.250000000E-01	0.000000000E+00
270	2.708333333E+00	-6.250000000E-01	0.000000000E+00
271	3.125000000E+00	-6.250000000E-01	0.000000000E+00
272	3.750000000E+00	-6.250000000E-01	0.000000000E+00
273	4.375000000E+00	-6.250000000E-01	0.000000000E+00
274	4.791666667E+00	-6.250000000E-01	0.000000000E+00
275	5.000000000E+00	-6.250000000E-01	0.000000000E+00
276	-5.000000000E+00	-2.083333333E-01	0.000000000E+00
277	-4.791666667E+00	-2.083333333E-01	0.000000000E+00
278	-4.375000000E+00	-2.083333333E-01	0.000000000E+00
279	-3.750000000E+00	-2.083333333E-01	0.000000000E+00
280	-3.125000000E+00	-2.083333333E-01	0.000000000E+00
281	-2.708333333E+00	-2.083333333E-01	0.000000000E+00
282	-2.500000000E+00	-2.083333333E-01	0.000000000E+00
283	-2.291666667E+00	-2.083333333E-01	0.000000000E+00
284	-1.875000000E+00	-2.083333333E-01	0.000000000E+00
285	-1.250000000E+00	-2.083333333E-01	0.000000000E+00
286	-6.250000000E-01	-2.083333333E-01	0.000000000E+00
287	-2.083333333E-01	-2.083333333E-01	0.000000000E+00
288	0.000000000E+00	-2.083333333E-01	0.000000000E+00
289	2.083333333E-01	-2.083333333E-01	0.000000000E+00
290	6.250000000E-01	-2.083333333E-01	0.000000000E+00
291	1.250000000E+00	-2.083333333E-01	0.000000000E+00
292	1.875000000E+00	-2.083333333E-01	0.000000000E+00
293	2.291666667E+00	-2.083333333E-01	0.000000000E+00
294	2.500000000E+00	-2.083333333E-01	0.000000000E+00
295	2.708333333E+00	-2.083333333E-01	0.000000000E+00
296	3.125000000E+00	-2.083333333E-01	0.000000000E+00
297	3.750000000E+00	-2.083333333E-01	0.000000000E+00
298	4.375000000E+00	-2.083333333E-01	0.000000000E+00
299	4.791666667E+00	-2.083333333E-01	0.000000000E+00
300	5.000000000E+00	-2.083333333E-01	0.000000000E+00
301	-5.000000000E+00	0.000000000E+00	0.000000000E+00
302	-4.791666667E+00	0.000000000E+00	0.000000000E+00
303	-4.375000000E+00	0.000000000E+00	0.000000000E+00
304	-3.750000000E+00	0.000000000E+00	0.000000000E+00
305	-3.125000000E+00	0.000000000E+00	0.000000000E+00
306	-2.708333333E+00	0.000000000E+00	0.000000000E+00
307	-2.500000000E+00	0.000000000E+00	0.000000000E+00
308	-2.291666667E+00	0.000000000E+00	0.000000000E+00
309	-1.875000000E+00	0.000000000E+00	0.000000000E+00
310	-1.250000000E+00	0.000000000E+00	0.000000000E+00
311	-6.250000000E-01	0.000000000E+00	0.000000000E+00
312	-2.083333333E-01	0.000000000E+00	0.000000000E+00
313	0.000000000E+00	0.000000000E+00	0.000000000E+00
314	2.083333333E-01	0.000000000E+00	0.000000000E+00
315	6.250000000E-01	0.000000000E+00	0.000000000E+00
316	1.250000000E+00	0.000000000E+00	0.000000000E+00
317	1.875000000E+00	0.000000000E+00	0.000000000E+00
318	2.291666667E+00	0.000000000E+00	0.000000000E+00
319	2.500000000E+00	0.000000000E+00	0.000000000E+00
320	2.708333333E+00	0.000000000E+00	0.000000000E+00
321	3.125000000E+00	0.000000000E+00	0.000000000E+00
322	3.750000000E+00	0.000000000E+00	0.000000000E+00
323	4.375000000E+00	0.000000000E+00	0.000000000E+00
324	4.791666667E+00	0.000000000E+00	0.000000000E+00
325	5.000000000E+00	0.000000000E+00	0.000000000E+00
326	-5.000000000E+00	2.083333333E-01	0.000000000E+00
327	-4.791666667E+00	2.083333333E-01	0.000000000E+00
328	-4.375000000E+00	2.083333333E-01	0.000000000E+00
329	-3.750000000E+00	2.083333333E-01	0.000000000E+00
330	-3.125000000E+00	2.083333333E-01	0.000000000E+00
331	-2.708333333E+00	2.083333333E-01	0.000000000E+00
332	-2.500000000E+00	2.083333333E-01	0.000000000E+00
333	-2.291666667E+00	2.083333333E-01	0.000000000E+00
334	-1.875000000E+00	2.083333333E-01	0.000000000E+00
335	-1.250000000E+00	2.083333333E-01	0.000000000E+00
336	-6.250000000E-01	2.083333333E-01	0.000000000E+00
337	-2.083333333E-01	2.083333333E-01	0.000000000E+00
338	0.000000000E+00	2.083333333E-01	0.000000000E+00
339	2.083333333E-01	2.083333333E-01	0.000000000E+00
340	6.250000000E-01	2.083333333E-01	0.000000000E+00
341	1.250000000E+00	2.083333333E-01	0.000000000E+00
342	1.875000000E+00	2.083333333E-01	0.000000000E+00
343	2.291666667E+00	2.083333333E-01	0.000000000E+00
344	2.500000000E+00	2.083333333E-01	0.000000000E+00
345	2.708333333E+00	2.083333333E-01	0.000000000E+00
346	3.125000000E+00	2.083333333E-01	0.000000000E+00
347	3.750000000E+00	2.083333333E-01	0.000000000E+00
348	4.375000000E+00	2.083333333E-01	0.000000000E+00
349	4.791666667E+00	2.083333333E-01	0.000000000E+00
350	5.000000000E+00	2.083333333E-01	0.000000000E+00
351	-5.000000000E+00	6.250000000E-01	0.000000000E+00
352	-4.791666667E+00	6.250000000E-01	0.000000000E+00
353	-4.375000000E+00	6.250000000E-01	0.000000000E+00
354	-3.750000000E+00	6.250000000E-01	0.000000000E+00
355	-3.125000000E+00	6.250000000E-01	0.000000000E+00
356	-2.708333333E+00	6.250000000E-01	0.000000000E+00
357	-2.500000000E+00	6.250000000E-01	0.000000000E+00
358	-2.291666667E+00	6.250000000E-01	0.000000000E+00
359	-1.875000000E+00	6.250000000E-01	0.000000000E+00
360	-1.250000000E+00	6.250000000E-01	0.000000000E+00
361	-6.250000000E-01	6.250000000E-01	0.000000000E+00
362	-2.083333333E-01	6.250000000E-01	0.000000000E+00
363	0.000000000E+00	6.250000000E-01	0.000000000E+00
364	2.083333333E-01	6.250000000E-01	0.000000000E+00
365	6.250000000E-01	6.250000000E-01	0.000000000E+00
366	1.250000000E+00	6.250000000E-01	0.000000000E+00
367	1.875000000E+00	6.250000000E-01	0.000000000E+00
368	2.291666667E+00	6.250000000E-01	0.000000000E+00
369	2.500000000E+00	6.250000000E-01	0.000000000E+00
370	2.708333333E+00	6.250000000E-01	0.000000000E+00
371	3.125000000E+00	6.250000000E-01	0.000000000E+00
372	3.750000000E+00	6.250000000E-01	0.000000000E+00
373	4.375000000E+00	6.250000000E-01	0.000000000E+00
374	4.791666667E+00	6.250000000E-01	0.000000000E+00
375	5.000000000E+00	6.250000000E-01	0.000000000E+00
376	-5.000000000E+00	1.250000000E+00	0.000000000E+00
377	-4.791666667E+00	1.250000000E+00	0.000000000E+00
378	-4.375000000E+00	1.250000000E+00	0.000000000E+00
379	-3.750000000E+00	1.250000000E+00	0.000000000E+00
380	-3.125000000E+00	1.250000000E+00	0.000000000E+00
381	-2.708333333E+00	1.250000000E+00	0.000000000E+00
382	-2.500000000E+00	1.250000000E+00	0.000000000E+00
383	-2.291666667E+00	1.250000000E+00	0.000000000E+00
384	-1.875000000E+00	1.250000000E+00	0.000000000E+00
385	-1.250000000E+00	1.250000000E+00	0.000000000E+00
386	-6.250000000E-01	1.250000000E+00	0.000000000E+00
387	-2.083333333E-01	1.250000000E+00	0.000000000E+00
388	0.000000000E+00	1.250000000E+00	0.000000000E+00
389	2.083333333E-01	1.250000000E+00	0.000000000E+00
390	6.250000000E-01	1.250000000E+00	0.000000000E+00
391	1.250000000E+00	1.250000000E+00	0.000000000E+00
392	1.875000000E+00	1.250000000E+00	0.000000000E+00
393	2.291666667E+00	1.250000000E+00	0.000000000E+00
394	2.500000000E+00	1.250000000E+00	0.000000000E+00
395	2.708333333E+00	1.250000000E+00	0.000000000E+00
396	3.125000000E+00	1.250000000E+00	0.000000000E+00
397	3.750000000E+00	1.250000000E+00	0.000000000E+00
398	4.375000000E+00	1.250000000E+00	0.000000000E+00
399	4.791666667E+00	1.250000000E+00	0.000000000E+00
400	5.000000000E+00	1.250000000E+00	0.000000000E+00
401	-5.000000000E+00	1.875000000E+00	0.000000000E+00
402	-4.791666667E+00	1.875000000E+00	0.000000000E+00
403	-4.375000000E+00	1.875000000E+00	0.000000000E+00
404	-3.750000000E+00	1.875000000E+00	0.000000000E+00
405	-3.125000000E+00	1.875000000E+00	0.000000000E+00
406	-2.708333333E+00	1.875000000E+00	0.000000000E+00
407	-2.500000000E+00	1.875000000E+00	0.000000000E+00
408	-2.291666667E+00	1.875000000E+00	0.000000000E+00
409	-1.875000000E+00	1.875000000E+00	0.000000000E+00
410	-1.250000000E+00	1.875000000E+00	0.000000000E+00
411	-6.250000000E-01	1.875000000E+00	0.000000000E+00
412	-2.083333333E-01	1.875000000E+00	0.000000000E+00
413	0.000000000E+00	1.875000000E+00	0.000000000E+00
414	2.083333333E-01	1.875000000E+00	0.000000000E+00
415	6.250000000E-01	1.875000000E+00	0.000000000E+00
416	1.250000000E+00	1.875000000E+00	0.000000000E+00
417	1.875000000E+00	1.875000000E+00	0.000000000E+00
418	2.291666667E+00	1.875000000E+00	0.000000000E+00
419	2.500000000E+00	1.875000000E+00	0.000000000E+00
420	2.708333333E+00	1.875000000E+00	0.000000000E+00
421	3.125000000E+00	1.875000000E+00	0.000000000E+00
422	3.750000000E+00	1.875000000E+00	0.000000000E+00
423	4.375000000E+00	1.875000000E+00	0.000000000E+00
424	4.791666667E+00	1.875000000E+00	0.000000000E+00
425	5.000000000E+00	1.875000000E+00	0.000000000E+00
426	-5.000000000E+00	2.291666667E+00	0.000000000E+00
427	-4.791666667E+00	2.291666667E+00	0.000000000E+00
428	-4.375000000E+00	2.291666667E+00	0.000000000E+00
429	-3.750000000E+00	2.291666667E+00	0.000000000E+00
430	-3.125000000E+00	2.291666667E+00	0.000000000E+00
431	-2.708333333E+00	2.291666667E+00	0.000000000E+00
432	-2.500000000E+00	2.291666667E+00	0.000000000E+00
433	-2.291666667E+00	2.291666667E+00	0.000000000E+00
434	-1.875000000E+00	2.291666667E+00	0.000000000E+00
435	-1.250000000E+00	2.291666667E+00	0.000000000E+00
436	-6.250000000E-01	2.291666667E+00	0.000000000E+00
437	-2.083333333E-01	2.291666667E+00	0.000000000E+00
438	0.000000000E+00	2.291666667E+00	0.000000000E+00
439	2.083333333E-01	2.291666667E+00	0.000000000E+00
440	6.250000000E-01	2.291666667E+00	0.000000000E+00
441	1.250000000E+00	2.291666667E+00	0.000000000E+00
442	1.875000000E+00	2.291666667E+00	0.000000000E+00
443	2.291666667E+00	2.291666667E+00	0.000000000E+00
444	2.500000000E+00	2.291666667E+00	0.000000000E+00
445	2.708333333E+00	2.291666667E+00	0.000000000E+00
446	3.125000000E+00	2.291666667E+00	0.000000000E+00
447	3.750000000E+00	2.291666667E+00	0.000000000E+00
448	4.375000000E+00	2.291666667E+00	0.000000000E+00
449	4.791666667E+00	2.291666667E+00	0.000000000E+00
450	5.000000000E+00	2.291666667E+00	0.000000000E+00
451	-5.000000000E+00	2.500000000E+00	0.000000000E+00
452	-4.791666667E+00	2.500000000E+00	0.000000000E+00
453	-4.375000000E+00	2.500000000E+00	0.000000000E+00
454	-3.750000000E+00	2.500000000E+00	0.000000000E+00
455	-3.125000000E+00	2.500000000E+00	0.000000000E+00
456	-2.708333333E+00	2.500000000E+00	0.000000000E+00
457	-2.500000000E+00	2.500000000E+00	0.000000000E+00
458	-2.291666667E+00	2.500000000E+00	0.000000000E+00
459	-1.875000000E+00	2.500000000E+00	0.000000000E+00
460	-1.250000000E+00	2.500000000E+00	0.000000000E+00
461	-6.250000000E-01	2.500000000E+00	0.000000000E+00
462	-2.083333333E-01	2.500000000E+00	0.000000000E+00
463	0.000000000E+00	2.500000000E+00	0.000000000E+00
464	2.083333333E-01	2.500000000E+00	0.000000000E+00
465	6.250000000E-01	2.500000000E+00	0.000000000E+00
466	1.250000000E+00	2.500000000E+00	0.000000000E+00
467	1.875000000E+00	2.500000000E+00	0.000000000E+00
468	2.291666667E+00	2.500000000E+00	0.000000000E+00
469	2.500000000E+00	2.500000000E+00	0.000000000E+00
470	2.708333333E+00	2.500000000E+00	0.000000000E+00
471	3.125000000E+00	2.500000000E+00	0.000000000E+00
472	3.750000000E+00	2.500000000E+00	0.000000000E+00
473	4.375000000E+00	2.500000000E+00	0.000000000E+00
474	4.791666667E+00	2.500000000E+00	0.000000000E+00
475	5.000000000E+00	2.500000000E+00	0.000000000E+00
476	-5.000000000E+00	2.708333333E+00	0.000000000E+00
477	-4.791666667E+00	2.708333333E+00	0.000000000E+00
478	-4.375000000E+00	2.708333333E+00	0.000000000E+00
479	-3.750000000E+00	2.708333333E+00	0.000000000E+00
480	-3.125000000E+00	2.708333333E+00	0.000000000E+00
481	-2.708333333E+00	2.708333333E+00	0.000000000E+00
482	-2.500000000E+00	2.708333333E+00	0.000000000E+00
483	-2.291666667E+00	2.708333333E+00	0.000000000E+00
484	-1.875000000E+00	2.708333333E+00	0.000000000E+00
485	-1.250000000E+00	2.708333333E+00	0.000000000E+00
486	-6.250000000E-01	2.708333333E+00	0.000000000E+00
487	-2.083333333E-01	2.708333333E+00	0.000000000E+00
488	0.000000000E+00	2.708333333E+00	0.000000000E+00
489	2.083333333E-01	2.708333333E+00	0.000000000E+00
490	6.250000000E-01	2.708333333E+00	0.000000000E+00
491	1.250000000E+00	2.708333333E+00	0.000000000E+00
492	1.875000000E+00	2.708333333E+00	0.000000000E+00
493	2.291666667E+00	2.708333333E+00	0.000000000E+00
494	2.500000000E+00	2.708333333E+00	0.000000000E+00
495	2.708333333E+00	2.708333333E+00	0.000000000E+00
496	3.125000000E+00	2.708333333E+00	0.000000000E+00
497	3.750000000E+00	2.708333333E+00	0.000000000E+00
498	4.375000000E+00	2.708333333E+00	0.000000000E+00
499	4.791666667E+00	2.708333333E+00	0.000000000E+00
500	5.000000000E+00	2.708333333E+00	0.000000000E+00
501	-5.000000000E+00	3.125000000E+00	0.000000000E+00
502	-4.791666667E+00	3.125000000E+00	0.000000000E+00
503	-4.375000000E+00	3.125000000E+00	0.000000000E+00
504	-3.750000000E+00	3.125000000E+00	0.000000000E+00
505	-3.125000000E+00	3.125000000E+00	0.000000000E+00
506	-2.708333333E+00	3.125000000E+00	0.000000000E+00
507	-2.500000000E+00	3.125000000E+00	0.000000000E+00
508	-2.291666667E+00	3.125000000E+00	0.000000000E+00
509	-1.875000000E+00	3.125000000E+00	0.000000000E+00
510	-1.250000000E+00	3.125000000E+00	0.000000000E+00
511	-6.250000000E-01	3.125000000E+00	0.000000000E+00
512	-2.083333333E-01	3.125000000E+00	0.000000000E+00
513	0.000000000E+00	3.125000000E+00	0.000000000E+00
514	2.083333333E-01	3.125000000E+00	0.000000000E+00
515	6.250000000E-01	3.125000000E+00	0.000000000E+00
516	1.250000000E+00	3.125000000E+00	0.000000000E+00
517	1.875000000E+00	3.125000000E+00	0.000000000E+00
518	2.291666667E+00	3.125000000E+00	0.000000000E+00
519	2.500000000E+00	3.125000000E+00	0.000000000E+00
520	2.708333333E+00	3.125000000E+00	0.000000000E+00
521	3.125000000E+00	3.125000000E+00	0.000000000E+00
522	3.750000000E+00	3.125000000E+00	0.000000000E+00
523	4.375000000E+00	3.125000000E+00	0.000000000E+00
524	4.791666667E+00	3.125000000E+00	0.000000000E+00
525	5.000000000E+00	3.125000000E+00	0.000000000E+00
526	-5.000000000E+00	3.750000000E+00	0.000000000E+00
527	-4.791666667E+00	3.750000000E+00	0.000000000E+00
528	-4.375000000E+00	3.750000000E+00	0.000000000E+00
529	-3.750000000E+00	3.750000000E+00	0.000000000E+00
530	-3.125000000E+00	3.750000000E+00	0.000000000E+00
531	-2.708333333E+00	3.750000000E+00	0.000000000E+00
532	-2.500000000E+00	3.750000000E+00	0.000000000E+00
533	-2.291666667E+00	3.750000000E+00	0.000000000E+00
534	-1.875000000E+00	3.750000000E+00	0.000000000E+00
535	-1.250000000E+00	3.750000000E+00	0.000000000E+00
536	-6.250000000E-01	3.750000000E+00	0.000000000E+00
537	-2.083333333E-01	3.750000000E+00	0.000000000E+00
538	0.000000000E+00	3.750000000E+00	0.000000000E+00
539	2.083333333E-01	3.750000000E+00	0.000000000E+00
540	6.250000000E-01	3.750000000E+00	0.000000000E+00
541	1.250000000E+00	3.750000000E+00	0.000000000E+00
542	1.875000000E+00	3.750000000E+00	0.000000000E+00
543	2.291666667E+00	3.750000000E+00	0.000000000E+00
544	2.500000000E+00	3.750000000E+00	0.000000000E+00
545	2.708333333E+00	3.750000000E+00	0.000000000E+00
546	3.125000000E+00	3.750000000E+00	0.000000000E+00
547	3.750000000E+00	3.750000000E+00	0.000000000E+00
548	4.375000000E+00	3.750000000E+00	0.000000000E+00
549	4.791666667E+00	3.750000000E+00	0.000000000E+00
550	5.000000000E+00	3.750000000E+00	0.000000000E+00
551	-5.000000000E+00	4.375000000E+00	0.000000000E+00
552	-4.791666667E+00	4.375000000E+00	0.000000000E+00
553	-4.375000000E+00	4.375000000E+00	0.000000000E+00
554	-3.750000000E+00	4.375000000E+00	0.000000000E+00
555	-3.125000000E+00	4.375000000E+00	0.000000000E+00
556	-2.708333333E+00	4.375000000E+00	0.000000000E+00
557	-2.500000000E+00	4.375000000E+00	0.000000000E+00
558	-2.291666667E+00	4.375000000E+00	0.000000000E+00
559	-1.875000000E+00	4.375000000E+00	0.000000000E+00
560	-1.250000000E+00	4.375000000E+00	0.000000000E+00
561	-6.250000000E-01	4.375000000E+00	0.000000000E+00
562	-2.083333333E-01	4.375000000E+00	0.000000000E+00
563	0.000000000E+00	4.375000000E+00	0.000000000E+00
564	2.083333333E-01	4.375000000E+00	0.000000000E+00
565	6.250000000E-01	4.375000000E+00	0.000000000E+00
566	1.250000000E+00	4.375000000E+00	0.000000000E+00
567	1.875000000E+00	4.375000000E+00	0.000000000E+00
568	2.291666667E+00	4.375000000E+00	0.000000000E+00
569	2.500000000E+00	4.375000000E+00	0.000000000E+00
570	2.708333333E+00	4.375000000E+00	0.000000000E+00
571	3.125000000E+00	4.375000000E+00	0.000000000E+00
572	3.750000000E+00	4.375000000E+00	0.000000000E+00
573	4.375000000E+00	4.375000000E+00	0.000000000E+00
574	4.791666667E+00	4.375000000E+00	0.000000000E+00
575	5.000000000E+00	4.375000000E+00	0.000000000E+00
576	-5.000000000E+00	4.791666667E+00	0.000000000E+00
577	-4.791666667E+00	4.791666667E+00	0.000000000E+00
578	-4.375000000E+00	4.791666667E+00	0.000000000E+00
579	-3.750000000E+00	4.791666667E+00	0.000000000E+00
580	-3.125000000E+00	4.791666667E+00	0.000000000E+00
581	-2.708333333E+00	4.791666667E+00	0.000000000E+00
582	-2.500000000E+00	4.791666667E+00	0.000000000E+00
583	-2.291666667E+00	4.791666667E+00	0.000000000E+00
584	-1.875000000E+00	4.791666667E+00	0.000000000E+00
585	-1.250000000E+00	4.791666667E+00	0.000000000E+00
586	-6.250000000E-01	4.791666667E+00	0.000000000E+00
587	-2.083333333E-01	4.791666667E+00	0.000000000E+00
588	0.000000000E+00	4.791666667E+00	0.000000000E+00
589	2.083333333E-01	4.791666667E+00	0.000000000E+00
590	6.250000000E-01	4.791666667E+00	0.000000000E+00
591	1.250000000E+00	4.791666667E+00	0.000000000E+00
592	1.875000000E+00	4.791666667E+00	0.000000000E+00
593	2.291666667E+00	4.791666667E+00	0.000000000E+00
594	2.500000000E+00	4.791666667E+00	0.000000000E+00
595	2.708333333E+00	4.791666667E+00	0.000000000E+00
596	3.125000000E+00	4.791666667E+00	0.000000000E+00
597	3.750000000E+00	4.791666667E+00	0.000000000E+00
598	4.375000000E+00	4.791666667E+00	0.000000000E+00
599	4.791666667E+00	4.791666667E+00	0.000000000E+00
600	5.000000000E+00	4.791666667E+00	0.000000000E+00
601	-5.000000000E+00	5.000000000E+00	0.000000000E+00
602	-4.791666667E+00	5.000000000E+00	0.000000000E+00
603	-4.375000000E+00	5.000000000E+00	0.000000000E+00
604	-3.750000000E+00	5.000000000E+00	0.000000000E+00
605	-3.125000000E+00	5.000000000E+00	0.000000000E+00
606	-2.708333333E+00	5.000000000E+00	0.000000000E+00
607	-2.500000000E+00	5.000000000E+00	0.000000000E+00
608	-2.291666667E+00	5.000000000E+00	0.000000000E+00
609	-1.875000000E+00	5.000000000E+00	0.000000000E+00
610	-1.250000000E+00	5.000000000E+00	0.000000000E+00
611	-6.250000000E-01	5.000000000E+00	0.000000000E+00
612	-2.083333333E-01	5.000000000E+00	0.000000000E+00
613	0.000000000E+00	5.000000000E+00	0.000000000E+00
614	2.083333333E-01	5.000000000E+00	0.000000000E+00
615	6.250000000E-01	5.000000000E+00	0.000000000E+00
616	1.250000000E+00	5.000000000E+00	0.000000000E+00
617	1.875000000E+00	5.000000000E+00	0.000000000E+00
618	2.291666667E+00	5.000000000E+00	0.000000000E+00
619	2.500000000E+00	5.000000000E+00	0.000000000E+00
620	2.708333333E+00	5.000000000E+00	0.000000000E+00
621	3.125000000E+00	5.000000000E+00	0.000000000E+00
622	3.750000000E+00	5.000000000E+00	0.000000000E+00
623	4.375000000E+00	5.000000000E+00	0.000000000E+00
624	4.791666667E+00	5.000000000E+00	0.000000000E+00
625	5.000000000E+00	5.000000000E+00	0.000000000E+00


%CONTROL.POINT.WEIGHT
625
1        +1.0000000000000000e+000
2        +1.0000000000000000e+000
3        +1.0000000000000000e+000
4        +1.0000000000000000e+000
5        +1.0000000000000000e+000
6        +1.0000000000000000e+000
7        +1.0000000000000000e+000
8        +1.0000000000000000e+000
9        +1.0000000000000000e+000
10       +1.0000000000000000e+000
11       +1.0000000000000000e+000
12       +1.0000000000000000e+000
13       +1.0000000000000000e+000
14       +1.0000000000000000e+000
15       +1.0000000000000000e+000
16       +1.0000000000000000e+000
17       +1.0000000000000000e+000
18       +1.0000000000000000e+000
19       +1.0000000000000000e+000
20       +1.0000000000000000e+000
21       +1.0000000000000000e+000
22       +1.0000000000000000e+000
23       +1.0000000000000000e+000
24       +1.0000000000000000e+000
25       +1.0000000000000000e+000
26       +1.0000000000000000e+000
27       +1.0000000000000000e+000
28       +1.0000000000000000e+000
29       +1.0000000000000000e+000
30       +1.0000000000000000e+000
31       +1.0000000000000000e+000
32       +1.0000000000000000e+000
33       +1.0000000000000000e+000
34       +1.0000000000000000e+000
35       +1.0000000000000000e+000
36       +1.0000000000000000e+000
37       +1.0000000000000000e+000
38       +1.0000000000000000e+000
39       +1.0000000000000000e+000
40       +1.0000000000000000e+000
41       +1.0000000000000000e+000
42       +1.0000000000000000e+000
43       +1.0000000000000000e+000
44       +1.0000000000000000e+000
45       +1.0000000000000000e+000
46       +1.0000000000000000e+000
47       +1.0000000000000000e+000
48       +1.0000000000000000e+000
49       +1.0000000000000000e+000
50       +1.0000000000000000e+000
51       +1.0000000000000000e+000
52       +1.0000000000000000e+000
53       +1.0000000000000000e+000
54       +1.0000000000000000e+000
55       +1.0000000000000000e+000
56       +1.0000000000000000e+000
57       +1.0000000000000000e+000
58       +1.0000000000000000e+000
59       +1.0000000000000000e+000
60       +1.0000000000000000e+000
61       +1.0000000000000000e+000
62       +1.0000000000000000e+000
63       +1.0000000000000000e+000
64       +1.0000000000000000e+000
65       +1.0000000000000000e+000
66       +1.0000000000000000e+000
67       +1.0000000000000000e+000
68       +1.0000000000000000e+000
69       +1.0000000000000000e+000
70       +1.0000000000000000e+000
71       +1.0000000000000000e+000
72       +1.0000000000000000e+000
73       +1.0000000000000000e+000
74       +1.0000000000000000e+000
75       +1.0000000000000000e+000
76       +1.0000000000000000e+000
77       +1.0000000000000000e+000
78       +1.0000000000000000e+000
79       +1.0000000000000000e+000
80       +1.0000000000000000e+000
81       +1.0000000000000000e+000
82       +1.0000000000000000e+000
83       +1.0000000000000000e+000
84       +1.0000000000000000e+000
85       +1.0000000000000000e+000
86       +1.0000000000000000e+000
87       +1.0000000000000000e+000
88       +1.0000000000000000e+000
89       +1.0000000000000000e+000
90       +1.0000000000000000e+000
91       +1.0000000000000000e+000
92       +1.0000000000000000e+000
93       +1.0000000000000000e+000
94       +1.0000000000000000e+000
95       +1.0000000000000000e+000
96       +1.0000000000000000e+000
97       +1.0000000000000000e+000
98       +1.0000000000000000e+000
99       +1.0000000000000000e+000
100      +1.0000000000000000e+000
101      +1.0000000000000000e+000
102      +1.0000000000000000e+000
103      +1.0000000000000000e+000
104      +1.0000000000000000e+000
105      +1.0000000000000000e+000
106      +1.0000000000000000e+000
107      +1.0000000000000000e+000
108      +1.0000000000000000e+000
109      +1.0000000000000000e+000
110      +1.0000000000000000e+000
111      +1.0000000000000000e+000
112      +1.0000000000000000e+000
113      +1.0000000000000000e+000
114      +1.0000000000000000e+000
115      +1.0000000000000000e+000
116      +1.0000000000000000e+000
117      +1.0000000000000000e+000
118      +1.0000000000000000e+000
119      +1.0000000000000000e+000
120      +1.0000000000000000e+000
121      +1.0000000000000000e+000
122      +1.0000000000000000e+000
123      +1.0000000000000000e+000
124      +1.0000000000000000e+000
125      +1.0000000000000000e+000
126      +1.0000000000000000e+000
127      +1.0000000000000000e+000
128      +1.0000000000000000e+000
129      +1.0000000000000000e+000
130      +1.0000000000000000e+000
131      +1.0000000000000000e+000
132      +1.0000000000000000e+000
133      +1.0000000000000000e+000
134      +1.0000000000000000e+000
135      +1.0000000000000000e+000
136      +1.0000000000000000e+000
137      +1.0000000000000000e+000
138      +1.0000000000000000e+000
139      +1.0000000000000000e+000
140      +1.0000000000000000e+000
141      +1.0000000000000000e+000
142      +1.0000000000000000e+000
143      +1.0000000000000000e+000
144      +1.0000000000000000e+000
145      +1.0000000000000000e+000
146      +1.0000000000000000e+000
147      +1.0000000000000000e+000
148      +1.0000000000000000e+000
149      +1.0000000000000000e+000
150      +1.0000000000000000e+000
151      +1.0000000000000000e+000
152      +1.0000000000000000e+000
153      +1.0000000000000000e+000
154      +1.0000000000000000e+000
155      +1.0000000000000000e+000
156      +1.0000000000000000e+000
157      +1.0000000000000000e+000
158      +1.0000000000000000e+000
159      +1.0000000000000000e+000
160      +1.0000000000000000e+000
161      +1.0000000000000000e+000
162      +1.0000000000000000e+000
163      +1.0000000000000000e+000
164      +1.0000000000000000e+000
165      +1.0000000000000000e+000
166      +1.0000000000000000e+000
167      +1.0000000000000000e+000
168      +1.0000000000000000e+000
169      +1.0000000000000000e+000
170      +1.0000000000000000e+000
171      +1.0000000000000000e+000
172      +1.0000000000000000e+000
173      +1.0000000000000000e+000
174      +1.0000000000000000e+000
175      +1.0000000000000000e+000
176      +1.0000000000000000e+000
177      +1.0000000000000000e+000
178      +1.0000000000000000e+000
179      +1.0000000000000000e+000
180      +1.0000000000000000e+000
181      +1.0000000000000000e+000
182      +1.0000000000000000e+000
183      +1.0000000000000000e+000
184      +1.0000000000000000e+000
185      +1.0000000000000000e+000
186      +1.0000000000000000e+000
187      +1.0000000000000000e+000
188      +1.0000000000000000e+000
189      +1.0000000000000000e+000
190      +1.0000000000000000e+000
191      +1.0000000000000000e+000
192      +1.0000000000000000e+000
193      +1.0000000000000000e+000
194      +1.0000000000000000e+000
195      +1.0000000000000000e+000
196      +1.0000000000000000e+000
197      +1.0000000000000000e+000
198      +1.0000000000000000e+000
199      +1.0000000000000000e+000
200      +1.0000000000000000e+000
201      +1.0000000000000000e+000
202      +1.0000000000000000e+000
203      +1.0000000000000000e+000
204      +1.0000000000000000e+000
205      +1.0000000000000000e+000
206      +1.0000000000000000e+000
207      +1.0000000000000000e+000
208      +1.0000000000000000e+000
209      +1.0000000000000000e+000
210      +1.0000000000000000e+000
211      +1.0000000000000000e+000
212      +1.0000000000000000e+000
213      +1.0000000000000000e+000
214      +1.0000000000000000e+000
215      +1.0000000000000000e+000
216      +1.0000000000000000e+000
217      +1.0000000000000000e+000
218      +1.0000000000000000e+000
219      +1.0000000000000000e+000
220      +1.0000000000000000e+000
221      +1.0000000000000000e+000
222      +1.0000000000000000e+000
223      +1.0000000000000000e+000
224      +1.0000000000000000e+000
225      +1.0000000000000000e+000
226      +1.0000000000000000e+000
227      +1.0000000000000000e+000
228      +1.0000000000000000e+000
229      +1.0000000000000000e+000
230      +1.0000000000000000e+000
231      +1.0000000000000000e+000
232      +1.0000000000000000e+000
233      +1.0000000000000000e+000
234      +1.0000000000000000e+000
235      +1.0000000000000000e+000
236      +1.0000000000000000e+000
237      +1.0000000000000000e+000
238      +1.0000000000000000e+000
239      +1.0000000000000000e+000
240      +1.0000000000000000e+000
241      +1.0000000000000000e+000
242      +1.0000000000000000e+000
243      +1.0000000000000000e+000
244      +1.0000000000000000e+000
245      +1.0000000000000000e+000
246      +1.0000000000000000e+000
247      +1.0000000000000000e+000
248      +1.0000000000000000e+000
249      +1.0000000000000000e+000
250      +1.0000000000000000e+000
251      +1.0000000000000000e+000
252      +1.0000000000000000e+000
253      +1.0000000000000000e+000
254      +1.0000000000000000e+000
255      +1.0000000000000000e+000
256      +1.0000000000000000e+000
257      +1.0000000000000000e+000
258      +1.0000000000000000e+000
259      +1.0000000000000000e+000
260      +1.0000000000000000e+000
261      +1.0000000000000000e+000
262      +1.0000000000000000e+000
263      +1.0000000000000000e+000
264      +1.0000000000000000e+000
265      +1.0000000000000000e+000
266      +1.0000000000000000e+000
267      +1.0000000000000000e+000
268      +1.0000000000000000e+000
269      +1.0000000000000000e+000
270      +1.0000000000000000e+000
271      +1.0000000000000000e+000
272      +1.0000000000000000e+000
273      +1.0000000000000000e+000
274      +1.0000000000000000e+000
275      +1.0000000000000000e+000
276      +1.0000000000000000e+000
277      +1.0000000000000000e+000
278      +1.0000000000000000e+000
279      +1.0000000000000000e+000
280      +1.0000000000000000e+000
281      +1.0000000000000000e+000
282      +1.0000000000000000e+000
283      +1.0000000000000000e+000
284      +1.0000000000000000e+000
285      +1.0000000000000000e+000
286      +1.0000000000000000e+000
287      +1.0000000000000000e+000
288      +1.0000000000000000e+000
289      +1.0000000000000000e+000
290      +1.0000000000000000e+000
291      +1.0000000000000000e+000
292      +1.0000000000000000e+000
293      +1.0000000000000000e+000
294      +1.0000000000000000e+000
295      +1.0000000000000000e+000
296      +1.0000000000000000e+000
297      +1.0000000000000000e+000
298      +1.0000000000000000e+000
299      +1.0000000000000000e+000
300      +1.0000000000000000e+000
301      +1.0000000000000000e+000
302      +1.0000000000000000e+000
303      +1.0000000000000000e+000
304      +1.0000000000000000e+000
305      +1.0000000000000000e+000
306      +1.0000000000000000e+000
307      +1.0000000000000000e+000
308      +1.0000000000000000e+000
309      +1.0000000000000000e+000
310      +1.0000000000000000e+000
311      +1.0000000000000000e+000
312      +1.0000000000000000e+000
313      +1.0000000000000000e+000
314      +1.0000000000000000e+000
315      +1.0000000000000000e+000
316      +1.0000000000000000e+000
317      +1.0000000000000000e+000
318      +1.0000000000000000e+000
319      +1.0000000000000000e+000
320      +1.0000000000000000e+000
321      +1.0000000000000000e+000
322      +1.0000000000000000e+000
323      +1.0000000000000000e+000
324      +1.0000000000000000e+000
325      +1.0000000000000000e+000
326      +1.0000000000000000e+000
327      +1.0000000000000000e+000
328      +1.0000000000000000e+000
329      +1.0000000000000000e+000
330      +1.0000000000000000e+000
331      +1.0000000000000000e+000
332      +1.0000000000000000e+000
333      +1.0000000000000000e+000
334      +1.0000000000000000e+000
335      +1.0000000000000000e+000
336      +1.0000000000000000e+000
337      +1.0000000000000000e+000
338      +1.0000000000000000e+000
339      +1.0000000000000000e+000
340      +1.0000000000000000e+000
341      +1.0000000000000000e+000
342      +1.0000000000000000e+000
343      +1.0000000000000000e+000
344      +1.0000000000000000e+000
345      +1.0000000000000000e+000
346      +1.0000000000000000e+000
347      +1.0000000000000000e+000
348      +1.0000000000000000e+000
349      +1.0000000000000000e+000
350      +1.0000000000000000e+000
351      +1.0000000000000000e+000
352      +1.0000000000000000e+000
353      +1.0000000000000000e+000
354      +1.0000000000000000e+000
355      +1.0000000000000000e+000
356      +1.0000000000000000e+000
357      +1.0000000000000000e+000
358      +1.0000000000000000e+000
359      +1.0000000000000000e+000
360      +1.0000000000000000e+000
361      +1.0000000000000000e+000
362      +1.0000000000000000e+000
363      +1.0000000000000000e+000
364      +1.0000000000000000e+000
365      +1.0000000000000000e+000
366      +1.0000000000000000e+000
367      +1.0000000000000000e+000
368      +1.0000000000000000e+000
369      +1.0000000000000000e+000
370      +1.0000000000000000e+000
371      +1.0000000000000000e+000
372      +1.0000000000000000e+000
373      +1.0000000000000000e+000
374      +1.0000000000000000e+000
375      +1.0000000000000000e+000
376      +1.0000000000000000e+000
377      +1.0000000000000000e+000
378      +1.0000000000000000e+000
379      +1.0000000000000000e+000
380      +1.0000000000000000e+000
381      +1.0000000000000000e+000
382      +1.0000000000000000e+000
383      +1.0000000000000000e+000
384      +1.0000000000000000e+000
385      +1.0000000000000000e+000
386      +1.0000000000000000e+000
387      +1.0000000000000000e+000
388      +1.0000000000000000e+000
389      +1.0000000000000000e+000
390      +1.0000000000000000e+000
391      +1.0000000000000000e+000
392      +1.0000000000000000e+000
393      +1.0000000000000000e+000
394      +1.0000000000000000e+000
395      +1.0000000000000000e+000
396      +1.0000000000000000e+000
397      +1.0000000000000000e+000
398      +1.0000000000000000e+000
399      +1.0000000000000000e+000
400      +1.0000000000000000e+000
401      +1.0000000000000000e+000
402      +1.0000000000000000e+000
403      +1.0000000000000000e+000
404      +1.0000000000000000e+000
405      +1.0000000000000000e+000
406      +1.0000000000000000e+000
407      +1.0000000000000000e+000
408      +1.0000000000000000e+000
409      +1.0000000000000000e+000
410      +1.0000000000000000e+000
411      +1.0000000000000000e+000
412      +1.0000000000000000e+000
413      +1.0000000000000000e+000
414      +1.0000000000000000e+000
415      +1.0000000000000000e+000
416      +1.0000000000000000e+000
417      +1.0000000000000000e+000
418      +1.0000000000000000e+000
419      +1.0000000000000000e+000
420      +1.0000000000000000e+000
421      +1.0000000000000000e+000
422      +1.0000000000000000e+000
423      +1.0000000000000000e+000
424      +1.0000000000000000e+000
425      +1.0000000000000000e+000
426      +1.0000000000000000e+000
427      +1.0000000000000000e+000
428      +1.0000000000000000e+000
429      +1.0000000000000000e+000
430      +1.0000000000000000e+000
431      +1.0000000000000000e+000
432      +1.0000000000000000e+000
433      +1.0000000000000000e+000
434      +1.0000000000000000e+000
435      +1.0000000000000000e+000
436      +1.0000000000000000e+000
437      +1.0000000000000000e+000
438      +1.0000000000000000e+000
439      +1.0000000000000000e+000
440      +1.0000000000000000e+000
441      +1.0000000000000000e+000
442      +1.0000000000000000e+000
443      +1.0000000000000000e+000
444      +1.0000000000000000e+000
445      +1.0000000000000000e+000
446      +1.0000000000000000e+000
447      +1.0000000000000000e+000
448      +1.0000000000000000e+000
449      +1.0000000000000000e+000
450      +1.0000000000000000e+000
451      +1.0000000000000000e+000
452      +1.0000000000000000e+000
453      +1.0000000000000000e+000
454      +1.0000000000000000e+000
455      +1.0000000000000000e+000
456      +1.0000000000000000e+000
457      +1.0000000000000000e+000
458      +1.0000000000000000e+000
459      +1.0000000000000000e+000
460      +1.0000000000000000e+000
461      +1.0000000000000000e+000
462      +1.0000000000000000e+000
463      +1.0000000000000000e+000
464      +1.0000000000000000e+000
465      +1.0000000000000000e+000
466      +1.0000000000000000e+000
467      +1.0000000000000000e+000
468      +1.0000000000000000e+000
469      +1.0000000000000000e+000
470      +1.0000000000000000e+000
471      +1.0000000000000000e+000
472      +1.0000000000000000e+000
473      +1.0000000000000000e+000
474      +1.0000000000000000e+000
475      +1.0000000000000000e+000
476      +1.0000000000000000e+000
477      +1.0000000000000000e+000
478      +1.0000000000000000e+000
479      +1.0000000000000000e+000
480      +1.0000000000000000e+000
481      +1.0000000000000000e+000
482      +1.0000000000000000e+000
483      +1.0000000000000000e+000
484      +1.0000000000000000e+000
485      +1.0000000000000000e+000
486      +1.0000000000000000e+000
487      +1.0000000000000000e+000
488      +1.0000000000000000e+000
489      +1.0000000000000000e+000
490      +1.0000000000000000e+000
491      +1.0000000000000000e+000
492      +1.0000000000000000e+000
493      +1.0000000000000000e+000
494      +1.0000000000000000e+000
495      +1.0000000000000000e+000
496      +1.0000000000000000e+000
497      +1.0000000000000000e+000
498      +1.0000000000000000e+000
499      +1.0000000000000000e+000
500      +1.0000000000000000e+000
501      +1.0000000000000000e+000
502      +1.0000000000000000e+000
503      +1.0000000000000000e+000
504      +1.0000000000000000e+000
505      +1.0000000000000000e+000
506      +1.0000000000000000e+000
507      +1.0000000000000000e+000
508      +1.0000000000000000e+000
509      +1.0000000000000000e+000
510      +1.0000000000000000e+000
511      +1.0000000000000000e+000
512      +1.0000000000000000e+000
513      +1.0000000000000000e+000
514      +1.0000000000000000e+000
515      +1.0000000000000000e+000
516      +1.0000000000000000e+000
517      +1.0000000000000000e+000
518      +1.0000000000000000e+000
519      +1.0000000000000000e+000
520      +1.0000000000000000e+000
521      +1.0000000000000000e+000
522      +1.0000000000000000e+000
523      +1.0000000000000000e+000
524      +1.0000000000000000e+000
525      +1.0000000000000000e+000
526      +1.0000000000000000e+000
527      +1.0000000000000000e+000
528      +1.0000000000000000e+000
529      +1.0000000000000000e+000
530      +1.0000000000000000e+000
531      +1.0000000000000000e+000
532      +1.0000000000000000e+000
533      +1.0000000000000000e+000
534      +1.0000000000000000e+000
535      +1.0000000000000000e+000
536      +1.0000000000000000e+000
537      +1.0000000000000000e+000
538      +1.0000000000000000e+000
539      +1.0000000000000000e+000
540      +1.0000000000000000e+000
541      +1.0000000000000000e+000
542      +1.0000000000000000e+000
543      +1.0000000000000000e+000
544      +1.0000000000000000e+000
545      +1.0000000000000000e+000
546      +1.0000000000000000e+000
547      +1.0000000000000000e+000
548      +1.0000000000000000e+000
549      +1.0000000000000000e+000
550      +1.0000000000000000e+000
551      +1.0000000000000000e+000
552      +1.0000000000000000e+000
553      +1.0000000000000000e+000
554      +1.0000000000000000e+000
555      +1.0000000000000000e+000
556      +1.0000000000000000e+000
557      +1.0000000000000000e+000
558      +1.0000000000000000e+000
559      +1.0000000000000000e+000
560      +1.0000000000000000e+000
561      +1.0000000000000000e+000
562      +1.0000000000000000e+000
563      +1.0000000000000000e+000
564      +1.0000000000000000e+000
565      +1.0000000000000000e+000
566      +1.0000000000000000e+000
567      +1.0000000000000000e+000
568      +1.0000000000000000e+000
569      +1.0000000000000000e+000
570      +1.0000000000000000e+000
571      +1.0000000000000000e+000
572      +1.0000000000000000e+000
573      +1.0000000000000000e+000
574      +1.0000000000000000e+000
575      +1.0000000000000000e+000
576      +1.0000000000000000e+000
577      +1.0000000000000000e+000
578      +1.0000000000000000e+000
579      +1.0000000000000000e+000
580      +1.0000000000000000e+000
581      +1.0000000000000000e+000
582      +1.0000000000000000e+000
583      +1.0000000000000000e+000
584      +1.0000000000000000e+000
585      +1.0000000000000000e+000
586      +1.0000000000000000e+000
587      +1.0000000000000000e+000
588      +1.0000000000000000e+000
589      +1.0000000000000000e+000
590      +1.0000000000000000e+000
591      +1.0000000000000000e+000
592      +1.0000000000000000e+000
593      +1.0000000000000000e+000
594      +1.0000000000000000e+000
595      +1.0000000000000000e+000
596      +1.0000000000000000e+000
597      +1.0000000000000000e+000
598      +1.0000000000000000e+000
599      +1.0000000000000000e+000
600      +1.0000000000000000e+000
601      +1.0000000000000000e+000
602      +1.0000000000000000e+000
603      +1.0000000000000000e+000
604      +1.0000000000000000e+000
605      +1.0000000000000000e+000
606      +1.0000000000000000e+000
607      +1.0000000000000000e+000
608      +1.0000000000000000e+000
609      +1.0000000000000000e+000
610      +1.0000000000000000e+000
611      +1.0000000000000000e+000
612      +1.0000000000000000e+000
613      +1.0000000000000000e+000
614      +1.0000000000000000e+000
615      +1.0000000000000000e+000
616      +1.0000000000000000e+000
617      +1.0000000000000000e+000
618      +1.0000000000000000e+000
619      +1.0000000000000000e+000
620      +1.0000000000000000e+000
621      +1.0000000000000000e+000
622      +1.0000000000000000e+000
623      +1.0000000000000000e+000
624      +1.0000000000000000e+000
625      +1.0000000000000000e+000

%NODE.SUPPORT
96
1         0 0 1 1 1 0
25        0 0 1 1 1 0
26        0 0 1 1 0 0
50        0 0 1 1 0 0
51        0 0 1 1 0 0
75        0 0 1 1 0 0
76        0 0 1 1 0 0
100       0 0 1 1 0 0
101       0 0 1 1 0 0
125       0 0 1 1 0 0
126       0 0 1 1 0 0
150       0 0 1 1 0 0
151       0 0 1 1 0 0
175       0 0 1 1 0 0
176       0 0 1 1 0 0
200       0 0 1 1 0 0
201       0 0 1 1 0 0
225       0 0 1 1 0 0
226       0 0 1 1 0 0
250       0 0 1 1 0 0
251       0 0 1 1 0 0
275       0 0 1 1 0 0
276       0 0 1 1 0 0
300       0 0 1 1 0 0
301       0 1 1 1 0 0
325       0 1 1 1 0 0
326       0 0 1 1 0 0
350       0 0 1 1 0 0
351       0 0 1 1 0 0
375       0 0 1 1 0 0
376       0 0 1 1 0 0
400       0 0 1 1 0 0
401       0 0 1 1 0 0
425       0 0 1 1 0 0
426       0 0 1 1 0 0
450       0 0 1 1 0 0
451       0 0 1 1 0 0
475       0 0 1 1 0 0
476       0 0 1 1 0 0
500       0 0 1 1 0 0
501       0 0 1 1 0 0
525       0 0 1 1 0 0
526       0 0 1 1 0 0
550       0 0 1 1 0 0
551       0 0 1 1 0 0
575       0 0 1 1 0 0
576       0 0 1 1 0 0
600       0 0 1 1 0 0
601       0 0 1 1 1 0
625       0 0 1 1 1 0
2         0 0 1 0 1 0
3         0 0 1 0 1 0
4         0 0 1 0 1 0
5         0 0 1 0 1 0
6         0 0 1 0 1 0
7         0 0 1 0 1 0
8         0 0 1 0 1 0
9         0 0 1 0 1 0
10        0 0 1 0 1 0
11        0 0 1 0 1 0
12        0 0 1 0 1 0
13        1 0 1 0 1 0
14        0 0 1 0 1 0
15        0 0 1 0 1 0
16        0 0 1 0 1 0
17        0 0 1 0 1 0
18        0 0 1 0 1 0
19        0 0 1 0 1 0
20        0 0 1 0 1 0
21        0 0 1 0 1 0
22        0 0 1 0 1 0
23        0 0 1 0 1 0
24        0 0 1 0 1 0
602       0 0 1 0 1 0
603       0 0 1 0 1 0
604       0 0 1 0 1 0
605       0 0 1 0 1 0
606       0 0 1 0 1 0
607       0 0 1 0 1 0
608       0 0 1 0 1 0
609       0 0 1 0 1 0
610       0 0 1 0 1 0
611       0 0 1 0 1 0
612       0 0 1 0 1 0
613       1 0 1 0 1 0
614       0 0 1 0 1 0
615       0 0 1 0 1 0
616       0 0 1 0 1 0
617       0 0 1 0 1 0
618       0 0 1 0 1 0
619       0 0 1 0 1 0
620       0 0 1 0 1 0
621       0 0 1 0 1 0
622       0 0 1 0 1 0
623       0 0 1 0 1 0
624       0 0 1 0 1 0

%PATCH
1
1 'bspsurf' 1 3 'General'  17 0.0000000000000000 1.0000000000000000 2.0000000000000000 3.0000000000000000 4.0000000000000000 5.0000000000000000 6.0000000000000000 7.0000000000000000 8.0000000000000000 9.0000000000000000 10.0000000000000000 11.0000000000000000 12.0000000000000000 13.0000000000000000 14.0000000000000000 15.0000000000000000 16.0000000000000000 4 1 1 1 3 1 1 1 3 1 1 1 3 1 1 1 4 
3 'General'  17 0.0000000000000000 1.0000000000000000 2.0000000000000000 3.0000000000000000 4.0000000000000000 5.0000000000000000 6.0000000000000000 7.0000000000000000 8.0000000000000000 9.0000000000000000 10.0000000000000000 11.0000000000000000 12.0000000000000000 13.0000000000000000 14.0000000000000000 15.0000000000000000 16.0000000000000000 4 1 1 1 3 1 1 1 3 1 1 1 3 1 1 1 4 
1 2 3 4 5 6 7 8 9 10 11 12 13 14 15 16 17 18 19 20 21 22 23 24 25 26 27 28 29 30 31 32 33 34 35 36 37 38 39 40 41 42 43 44 45 46 47 48 49 50 51 52 53 54 55 56 57 58 59 60 61 62 63 64 65 66 67 68 69 70 71 72 73 74 75 76 77 78 79 80 81 82 83 84 85 86 87 88 89 90 91 92 93 94 95 96 97 98 99 100 101 102 103 104 105 106 107 108 109 110 111 112 113 114 115 116 117 118 119 120 121 122 123 124 125 126 127 128 129 130 131 132 133 134 135 136 137 138 139 140 141 142 143 144 145 146 147 148 149 150 151 152 153 154 155 156 157 158 159 160 161 162 163 164 165 166 167 168 169 170 171 172 173 174 175 176 177 178 179 180 181 182 183 184 185 186 187 188 189 190 191 192 193 194 195 196 197 198 199 200 201 202 203 204 205 206 207 208 209 210 211 212 213 214 215 216 217 218 219 220 221 222 223 224 225 226 227 228 229 230 231 232 233 234 235 236 237 238 239 240 241 242 243 244 245 246 247 248 249 250 251 252 253 254 255 256 257 258 259 260 261 262 263 264 265 266 267 268 269 270 271 272 273 274 275 276 277 278 279 280 281 282 283 284 285 286 287 288 289 290 291 292 293 294 295 296 297 298 299 300 301 302 303 304 305 306 307 308 309 310 311 312 313 314 315 316 317 318 319 320 321 322 323 324 325 326 327 328 329 330 331 332 333 334 335 336 337 338 339 340 341 342 343 344 345 346 347 348 349 350 351 352 353 354 355 356 357 358 359 360 361 362 363 364 365 366 367 368 369 370 371 372 373 374 375 376 377 378 379 380 381 382 383 384 385 386 387 388 389 390 391 392 393 394 395 396 397 398 399 400 401 402 403 404 405 406 407 408 409 410 411 412 413 414 415 416 417 418 419 420 421 422 423 424 425 426 427 428 429 430 431 432 433 434 435 436 437 438 439 440 441 442 443 444 445 446 447 448 449 450 451 452 453 454 455 456 457 458 459 460 461 462 463 464 465 466 467 468 469 470 471 472 473 474 475 476 477 478 479 480 481 482 483 484 485 486 487 488 489 490 491 492 493 494 495 496 497 498 499 500 501 502 503 504 505 506 507 508 509 510 511 512 513 514 515 516 517 518 519 520 521 522 523 524 525 526 527 528 529 530 531 532 533 534 535 536 537 538 539 540 541 542 543 544 545 546 547 548 549 550 551 552 553 554 555 556 557 558 559 560 561 562 563 564 565 566 567 568 569 570 571 572 573 574 575 576 577 578 579 580 581 582 583 584 585 586 587 588 589 590 591 592 593 594 595 596 597 598 599 600 601 602 603 604 605 606 607 608 609 610 611 612 613 614 615 616 617 618 619 620 621 622 623 624 625

%MATERIAL
1

%MATERIAL.FGM
1
1          201.04e9   0.3  8166.0  348.43e9  0.3  2370.0   2 

%SECTION
1

