%HEADER 
'File created by mtool program' 
 
%HEADER.ANALYSIS.ALGORITHM 
'LinearStability' 
 
%HEADER.ANALYSIS.MAXIMUM.ITERATIONS 
100 
 
%HEADER.ANALYSIS.TOLERANCE 
1.0e-04 
 
%NODE 
2560 
 
%NODE.COORD 
2560 
1	0.018000	0.000000	0.000000 
2	0.047313	0.030713	0.000000 
3	0.076625	0.061426	0.000000 
4	0.105938	0.092139	0.000000 
5	0.135251	0.122852	0.000000 
6	0.164563	0.153564	0.000000 
7	0.193876	0.184277	0.000000 
8	0.223188	0.214990	0.000000 
9	0.252501	0.245703	0.000000 
10	0.281814	0.276416	0.000000 
11	0.311126	0.307129	0.000000 
12	0.000000	0.000000	0.000000 
13	0.015454	0.015454	0.000000 
14	0.000000	0.018000	0.000000 
15	0.030909	0.030909	0.000000 
16	0.030713	0.047313	0.000000 
17	0.046363	0.046363	0.000000 
18	0.061818	0.061818	0.000000 
19	0.077272	0.077272	0.000000 
20	0.061426	0.076625	0.000000 
21	0.092726	0.092726	0.000000 
22	0.108181	0.108181	0.000000 
23	0.092139	0.105938	0.000000 
24	0.123635	0.123635	0.000000 
25	0.139090	0.139090	0.000000 
26	0.122852	0.135251	0.000000 
27	0.154544	0.154544	0.000000 
28	0.169999	0.169999	0.000000 
29	0.153564	0.164563	0.000000 
30	0.185453	0.185453	0.000000 
31	0.200907	0.200907	0.000000 
32	0.184277	0.193876	0.000000 
33	0.216362	0.216362	0.000000 
34	0.231816	0.231816	0.000000 
35	0.214990	0.223188	0.000000 
36	0.293634	0.293634	0.000000 
37	0.309088	0.309088	0.000000 
38	0.307129	0.311126	0.000000 
39	0.247271	0.247271	0.000000 
40	0.278179	0.278179	0.000000 
41	0.276416	0.281814	0.000000 
42	0.262725	0.262725	0.000000 
43	0.245703	0.252501	0.000000 
44	0.036000	0.000000	0.000000 
45	0.049862	0.015263	0.000000 
46	0.054000	0.000000	0.000000 
47	0.063724	0.030525	0.000000 
48	0.080143	0.030346	0.000000 
49	0.077586	0.045788	0.000000 
50	0.091448	0.061050	0.000000 
51	0.106285	0.060691	0.000000 
52	0.105310	0.076313	0.000000 
53	0.119172	0.091575	0.000000 
54	0.132428	0.091037	0.000000 
55	0.133034	0.106838	0.000000 
56	0.146896	0.122100	0.000000 
57	0.158570	0.121383	0.000000 
58	0.160758	0.137363	0.000000 
59	0.174620	0.152625	0.000000 
60	0.184713	0.151729	0.000000 
61	0.188482	0.167888	0.000000 
62	0.202344	0.183150	0.000000 
63	0.210855	0.182074	0.000000 
64	0.216206	0.198413	0.000000 
65	0.230068	0.213676	0.000000 
66	0.236998	0.212420	0.000000 
67	0.243930	0.228938	0.000000 
68	0.257792	0.244201	0.000000 
69	0.263140	0.242766	0.000000 
70	0.271654	0.259463	0.000000 
71	0.285516	0.274726	0.000000 
72	0.313240	0.305251	0.000000 
73	0.299378	0.289988	0.000000 
74	0.289283	0.273111	0.000000 
75	0.315425	0.303457	0.000000 
76	0.000000	0.036000	0.000000 
77	0.015263	0.049862	0.000000 
78	0.000000	0.054000	0.000000 
79	0.030525	0.063724	0.000000 
80	0.030346	0.080143	0.000000 
81	0.045788	0.077586	0.000000 
82	0.061050	0.091448	0.000000 
83	0.060691	0.106285	0.000000 
84	0.076313	0.105310	0.000000 
85	0.091575	0.119172	0.000000 
86	0.106838	0.133034	0.000000 
87	0.091037	0.132428	0.000000 
88	0.122100	0.146896	0.000000 
89	0.137363	0.160758	0.000000 
90	0.121383	0.158570	0.000000 
91	0.152625	0.174620	0.000000 
92	0.167888	0.188482	0.000000 
93	0.151729	0.184713	0.000000 
94	0.183150	0.202344	0.000000 
95	0.198413	0.216206	0.000000 
96	0.182074	0.210855	0.000000 
97	0.213676	0.230068	0.000000 
98	0.228938	0.243930	0.000000 
99	0.212420	0.236998	0.000000 
100	0.289988	0.299378	0.000000 
101	0.305251	0.313240	0.000000 
102	0.303457	0.315425	0.000000 
103	0.244201	0.257792	0.000000 
104	0.274726	0.285516	0.000000 
105	0.273111	0.289283	0.000000 
106	0.259463	0.271654	0.000000 
107	0.242766	0.263140	0.000000 
108	0.072000	0.000000	0.000000 
109	0.084284	0.015088	0.000000 
110	0.090000	0.000000	0.000000 
111	0.096568	0.030175	0.000000 
112	0.113000	0.030013	0.000000 
113	0.108852	0.045263	0.000000 
114	0.121136	0.060350	0.000000 
115	0.136000	0.060027	0.000000 
116	0.133420	0.075438	0.000000 
117	0.145704	0.090525	0.000000 
118	0.159000	0.090040	0.000000 
119	0.157988	0.105613	0.000000 
120	0.170272	0.120700	0.000000 
121	0.182000	0.120054	0.000000 
122	0.182556	0.135788	0.000000 
123	0.194840	0.150875	0.000000 
124	0.204999	0.150067	0.000000 
125	0.207124	0.165963	0.000000 
126	0.219408	0.181050	0.000000 
127	0.227999	0.180081	0.000000 
128	0.231692	0.196138	0.000000 
129	0.243976	0.211226	0.000000 
130	0.250999	0.210094	0.000000 
131	0.256260	0.226313	0.000000 
132	0.268544	0.241401	0.000000 
133	0.273999	0.240107	0.000000 
134	0.280828	0.256488	0.000000 
135	0.293112	0.271576	0.000000 
136	0.317679	0.301751	0.000000 
137	0.305396	0.286663	0.000000 
138	0.296999	0.270121	0.000000 
139	0.319999	0.300134	0.000000 
140	0.000000	0.072000	0.000000 
141	0.015088	0.084284	0.000000 
142	0.000000	0.090000	0.000000 
143	0.030175	0.096568	0.000000 
144	0.030013	0.113000	0.000000 
145	0.045263	0.108852	0.000000 
146	0.060350	0.121136	0.000000 
147	0.060027	0.136000	0.000000 
148	0.075438	0.133420	0.000000 
149	0.090525	0.145704	0.000000 
150	0.090040	0.159000	0.000000 
151	0.105613	0.157988	0.000000 
152	0.120700	0.170272	0.000000 
153	0.135788	0.182556	0.000000 
154	0.120054	0.182000	0.000000 
155	0.150875	0.194840	0.000000 
156	0.165963	0.207124	0.000000 
157	0.150067	0.204999	0.000000 
158	0.181050	0.219408	0.000000 
159	0.196138	0.231692	0.000000 
160	0.180081	0.227999	0.000000 
161	0.211226	0.243976	0.000000 
162	0.226313	0.256260	0.000000 
163	0.210094	0.250999	0.000000 
164	0.286663	0.305396	0.000000 
165	0.301751	0.317679	0.000000 
166	0.300134	0.319999	0.000000 
167	0.241401	0.268544	0.000000 
168	0.271576	0.293112	0.000000 
169	0.270121	0.296999	0.000000 
170	0.256488	0.280828	0.000000 
171	0.240107	0.273999	0.000000 
172	0.108000	0.000000	0.000000 
173	0.118719	0.014930	0.000000 
174	0.126000	0.000000	0.000000 
175	0.129438	0.029861	0.000000 
176	0.145882	0.029718	0.000000 
177	0.140157	0.044791	0.000000 
178	0.150876	0.059722	0.000000 
179	0.165764	0.059436	0.000000 
180	0.161595	0.074652	0.000000 
181	0.172314	0.089583	0.000000 
182	0.185646	0.089154	0.000000 
183	0.183033	0.104513	0.000000 
184	0.193752	0.119444	0.000000 
185	0.205528	0.118872	0.000000 
186	0.204471	0.134374	0.000000 
187	0.215190	0.149305	0.000000 
188	0.225410	0.148590	0.000000 
189	0.225909	0.164235	0.000000 
190	0.236628	0.179166	0.000000 
191	0.245292	0.178308	0.000000 
192	0.247347	0.194096	0.000000 
193	0.258066	0.209027	0.000000 
194	0.265173	0.208026	0.000000 
195	0.268785	0.223957	0.000000 
196	0.279504	0.238888	0.000000 
197	0.285055	0.237744	0.000000 
198	0.290223	0.253818	0.000000 
199	0.300942	0.268749	0.000000 
200	0.322380	0.298610	0.000000 
201	0.311661	0.283679	0.000000 
202	0.304937	0.267462	0.000000 
203	0.324819	0.297180	0.000000 
204	0.000000	0.108000	0.000000 
205	0.014930	0.118719	0.000000 
206	0.000000	0.126000	0.000000 
207	0.029861	0.129438	0.000000 
208	0.029718	0.145882	0.000000 
209	0.044791	0.140157	0.000000 
210	0.059722	0.150876	0.000000 
211	0.059436	0.165764	0.000000 
212	0.074652	0.161595	0.000000 
213	0.089583	0.172314	0.000000 
214	0.089154	0.185646	0.000000 
215	0.104513	0.183033	0.000000 
216	0.119444	0.193752	0.000000 
217	0.118872	0.205528	0.000000 
218	0.134374	0.204471	0.000000 
219	0.149305	0.215190	0.000000 
220	0.164235	0.225909	0.000000 
221	0.148590	0.225410	0.000000 
222	0.179166	0.236628	0.000000 
223	0.194096	0.247347	0.000000 
224	0.178308	0.245292	0.000000 
225	0.209027	0.258066	0.000000 
226	0.223957	0.268785	0.000000 
227	0.208026	0.265173	0.000000 
228	0.283679	0.311661	0.000000 
229	0.298610	0.322380	0.000000 
230	0.297180	0.324819	0.000000 
231	0.238888	0.279504	0.000000 
232	0.268749	0.300942	0.000000 
233	0.267462	0.304937	0.000000 
234	0.253818	0.290223	0.000000 
235	0.237744	0.285055	0.000000 
236	0.144000	0.000000	0.000000 
237	0.153166	0.014792	0.000000 
238	0.162000	0.000000	0.000000 
239	0.162331	0.029585	0.000000 
240	0.178786	0.029461	0.000000 
241	0.171497	0.044377	0.000000 
242	0.180663	0.059170	0.000000 
243	0.195571	0.058923	0.000000 
244	0.189828	0.073962	0.000000 
245	0.198994	0.088754	0.000000 
246	0.212357	0.088384	0.000000 
247	0.208159	0.103547	0.000000 
248	0.217325	0.118339	0.000000 
249	0.229143	0.117845	0.000000 
250	0.226491	0.133131	0.000000 
251	0.235656	0.147924	0.000000 
252	0.245928	0.147307	0.000000 
253	0.244822	0.162716	0.000000 
254	0.253988	0.177509	0.000000 
255	0.262714	0.176768	0.000000 
256	0.263153	0.192301	0.000000 
257	0.272319	0.207093	0.000000 
258	0.279500	0.206230	0.000000 
259	0.281485	0.221886	0.000000 
260	0.290650	0.236678	0.000000 
261	0.296285	0.235691	0.000000 
262	0.299816	0.251470	0.000000 
263	0.308981	0.266263	0.000000 
264	0.327313	0.295848	0.000000 
265	0.318147	0.281055	0.000000 
266	0.313071	0.265152	0.000000 
267	0.329857	0.294614	0.000000 
268	0.000000	0.144000	0.000000 
269	0.014792	0.153166	0.000000 
270	0.000000	0.162000	0.000000 
271	0.029585	0.162331	0.000000 
272	0.029461	0.178786	0.000000 
273	0.044377	0.171497	0.000000 
274	0.059170	0.180663	0.000000 
275	0.058923	0.195571	0.000000 
276	0.073962	0.189828	0.000000 
277	0.088754	0.198994	0.000000 
278	0.088384	0.212357	0.000000 
279	0.103547	0.208159	0.000000 
280	0.118339	0.217325	0.000000 
281	0.117845	0.229143	0.000000 
282	0.133131	0.226491	0.000000 
283	0.147924	0.235656	0.000000 
284	0.147307	0.245928	0.000000 
285	0.162716	0.244822	0.000000 
286	0.177509	0.253988	0.000000 
287	0.192301	0.263153	0.000000 
288	0.176768	0.262714	0.000000 
289	0.207093	0.272319	0.000000 
290	0.221886	0.281485	0.000000 
291	0.206230	0.279500	0.000000 
292	0.281055	0.318147	0.000000 
293	0.295848	0.327313	0.000000 
294	0.294614	0.329857	0.000000 
295	0.236678	0.290650	0.000000 
296	0.266263	0.308981	0.000000 
297	0.265152	0.313071	0.000000 
298	0.251470	0.299816	0.000000 
299	0.235691	0.296285	0.000000 
300	0.180000	0.000000	0.000000 
301	0.187622	0.014674	0.000000 
302	0.198000	0.000000	0.000000 
303	0.195245	0.029348	0.000000 
304	0.211708	0.029245	0.000000 
305	0.202867	0.044022	0.000000 
306	0.210489	0.058696	0.000000 
307	0.225416	0.058490	0.000000 
308	0.218112	0.073370	0.000000 
309	0.225734	0.088044	0.000000 
310	0.239124	0.087735	0.000000 
311	0.233356	0.102718	0.000000 
312	0.240979	0.117392	0.000000 
313	0.252832	0.116980	0.000000 
314	0.248601	0.132066	0.000000 
315	0.256223	0.146740	0.000000 
316	0.266540	0.146225	0.000000 
317	0.263846	0.161414	0.000000 
318	0.271468	0.176088	0.000000 
319	0.280248	0.175470	0.000000 
320	0.279090	0.190762	0.000000 
321	0.286713	0.205436	0.000000 
322	0.293956	0.204715	0.000000 
323	0.294335	0.220111	0.000000 
324	0.301957	0.234785	0.000000 
325	0.307664	0.233960	0.000000 
326	0.309580	0.249459	0.000000 
327	0.317202	0.264133	0.000000 
328	0.332447	0.293481	0.000000 
329	0.324824	0.278807	0.000000 
330	0.321372	0.263205	0.000000 
331	0.335080	0.292450	0.000000 
332	0.000000	0.180000	0.000000 
333	0.014674	0.187622	0.000000 
334	0.000000	0.198000	0.000000 
335	0.029348	0.195245	0.000000 
336	0.029245	0.211708	0.000000 
337	0.044022	0.202867	0.000000 
338	0.058696	0.210489	0.000000 
339	0.058490	0.225416	0.000000 
340	0.073370	0.218112	0.000000 
341	0.088044	0.225734	0.000000 
342	0.087735	0.239124	0.000000 
343	0.102718	0.233356	0.000000 
344	0.117392	0.240979	0.000000 
345	0.116980	0.252832	0.000000 
346	0.132066	0.248601	0.000000 
347	0.146740	0.256223	0.000000 
348	0.146225	0.266540	0.000000 
349	0.161414	0.263846	0.000000 
350	0.176088	0.271468	0.000000 
351	0.175470	0.280248	0.000000 
352	0.190762	0.279090	0.000000 
353	0.205436	0.286713	0.000000 
354	0.220111	0.294335	0.000000 
355	0.204715	0.293956	0.000000 
356	0.278807	0.324824	0.000000 
357	0.293481	0.332447	0.000000 
358	0.292450	0.335080	0.000000 
359	0.234785	0.301957	0.000000 
360	0.264133	0.317202	0.000000 
361	0.263205	0.321372	0.000000 
362	0.249459	0.309580	0.000000 
363	0.233960	0.307664	0.000000 
364	0.216000	0.000000	0.000000 
365	0.222088	0.014576	0.000000 
366	0.234000	0.000000	0.000000 
367	0.228175	0.029152	0.000000 
368	0.244646	0.029070	0.000000 
369	0.234263	0.043729	0.000000 
370	0.240350	0.058305	0.000000 
371	0.255291	0.058141	0.000000 
372	0.246438	0.072881	0.000000 
373	0.252525	0.087457	0.000000 
374	0.265937	0.087211	0.000000 
375	0.258613	0.102033	0.000000 
376	0.264700	0.116610	0.000000 
377	0.276583	0.116281	0.000000 
378	0.270788	0.131186	0.000000 
379	0.276875	0.145762	0.000000 
380	0.287228	0.145352	0.000000 
381	0.282963	0.160338	0.000000 
382	0.289050	0.174914	0.000000 
383	0.297874	0.174422	0.000000 
384	0.295138	0.189491	0.000000 
385	0.301226	0.204067	0.000000 
386	0.308519	0.203492	0.000000 
387	0.307313	0.218643	0.000000 
388	0.313401	0.233219	0.000000 
389	0.319165	0.232563	0.000000 
390	0.319488	0.247795	0.000000 
391	0.325576	0.262372	0.000000 
392	0.337751	0.291524	0.000000 
393	0.331663	0.276948	0.000000 
394	0.329811	0.261633	0.000000 
395	0.340456	0.290703	0.000000 
396	0.000000	0.216000	0.000000 
397	0.014576	0.222088	0.000000 
398	0.000000	0.234000	0.000000 
399	0.029152	0.228175	0.000000 
400	0.029070	0.244646	0.000000 
401	0.043729	0.234263	0.000000 
402	0.058305	0.240350	0.000000 
403	0.058141	0.255291	0.000000 
404	0.072881	0.246438	0.000000 
405	0.087457	0.252525	0.000000 
406	0.087211	0.265937	0.000000 
407	0.102033	0.258613	0.000000 
408	0.116610	0.264700	0.000000 
409	0.116281	0.276583	0.000000 
410	0.131186	0.270788	0.000000 
411	0.145762	0.276875	0.000000 
412	0.145352	0.287228	0.000000 
413	0.160338	0.282963	0.000000 
414	0.174914	0.289050	0.000000 
415	0.174422	0.297874	0.000000 
416	0.189491	0.295138	0.000000 
417	0.204067	0.301226	0.000000 
418	0.203492	0.308519	0.000000 
419	0.218643	0.307313	0.000000 
420	0.276948	0.331663	0.000000 
421	0.291524	0.337751	0.000000 
422	0.290703	0.340456	0.000000 
423	0.233219	0.313401	0.000000 
424	0.262372	0.325576	0.000000 
425	0.261633	0.329811	0.000000 
426	0.247795	0.319488	0.000000 
427	0.232563	0.319165	0.000000 
428	0.252000	0.000000	0.000000 
429	0.256560	0.014499	0.000000 
430	0.270000	0.000000	0.000000 
431	0.261119	0.028999	0.000000 
432	0.277595	0.028938	0.000000 
433	0.265679	0.043498	0.000000 
434	0.270238	0.057998	0.000000 
435	0.285191	0.057877	0.000000 
436	0.274798	0.072497	0.000000 
437	0.279358	0.086997	0.000000 
438	0.292786	0.086815	0.000000 
439	0.283917	0.101496	0.000000 
440	0.288477	0.115996	0.000000 
441	0.300381	0.115753	0.000000 
442	0.293036	0.130495	0.000000 
443	0.297596	0.144995	0.000000 
444	0.307977	0.144692	0.000000 
445	0.302156	0.159494	0.000000 
446	0.306715	0.173994	0.000000 
447	0.315572	0.173630	0.000000 
448	0.311275	0.188493	0.000000 
449	0.315834	0.202993	0.000000 
450	0.323167	0.202568	0.000000 
451	0.320394	0.217492	0.000000 
452	0.324954	0.231992	0.000000 
453	0.330763	0.231507	0.000000 
454	0.329513	0.246491	0.000000 
455	0.334073	0.260990	0.000000 
456	0.343192	0.289989	0.000000 
457	0.338632	0.275490	0.000000 
458	0.338358	0.260445	0.000000 
459	0.345953	0.289383	0.000000 
460	0.000000	0.252000	0.000000 
461	0.014499	0.256560	0.000000 
462	0.000000	0.270000	0.000000 
463	0.028999	0.261119	0.000000 
464	0.028938	0.277595	0.000000 
465	0.043498	0.265679	0.000000 
466	0.057998	0.270238	0.000000 
467	0.057877	0.285191	0.000000 
468	0.072497	0.274798	0.000000 
469	0.086997	0.279358	0.000000 
470	0.086815	0.292786	0.000000 
471	0.101496	0.283917	0.000000 
472	0.115996	0.288477	0.000000 
473	0.115753	0.300381	0.000000 
474	0.130495	0.293036	0.000000 
475	0.144995	0.297596	0.000000 
476	0.144692	0.307977	0.000000 
477	0.159494	0.302156	0.000000 
478	0.173994	0.306715	0.000000 
479	0.173630	0.315572	0.000000 
480	0.188493	0.311275	0.000000 
481	0.202993	0.315834	0.000000 
482	0.202568	0.323167	0.000000 
483	0.217492	0.320394	0.000000 
484	0.289989	0.343192	0.000000 
485	0.275490	0.338632	0.000000 
486	0.289383	0.345954	0.000000 
487	0.231992	0.324954	0.000000 
488	0.260990	0.334073	0.000000 
489	0.260445	0.338358	0.000000 
490	0.246491	0.329513	0.000000 
491	0.231507	0.330763	0.000000 
492	0.288000	0.000000	0.000000 
493	0.291037	0.014444	0.000000 
494	0.306000	0.000000	0.000000 
495	0.294074	0.028889	0.000000 
496	0.310554	0.028850	0.000000 
497	0.297111	0.043333	0.000000 
498	0.300147	0.057777	0.000000 
499	0.315107	0.057700	0.000000 
500	0.303184	0.072222	0.000000 
501	0.306221	0.086666	0.000000 
502	0.319661	0.086550	0.000000 
503	0.309258	0.101110	0.000000 
504	0.312295	0.115555	0.000000 
505	0.324215	0.115400	0.000000 
506	0.315332	0.129999	0.000000 
507	0.318368	0.144443	0.000000 
508	0.328769	0.144250	0.000000 
509	0.321405	0.158888	0.000000 
510	0.324442	0.173332	0.000000 
511	0.333322	0.173099	0.000000 
512	0.327479	0.187776	0.000000 
513	0.330516	0.202221	0.000000 
514	0.337876	0.201949	0.000000 
515	0.333553	0.216665	0.000000 
516	0.336589	0.231109	0.000000 
517	0.342430	0.230799	0.000000 
518	0.339626	0.245553	0.000000 
519	0.342663	0.259998	0.000000 
520	0.348737	0.288886	0.000000 
521	0.345700	0.274442	0.000000 
522	0.346984	0.259649	0.000000 
523	0.351537	0.288499	0.000000 
524	0.000000	0.288000	0.000000 
525	0.014444	0.291037	0.000000 
526	0.000000	0.306000	0.000000 
527	0.028889	0.294074	0.000000 
528	0.028850	0.310554	0.000000 
529	0.043333	0.297111	0.000000 
530	0.057777	0.300147	0.000000 
531	0.057700	0.315107	0.000000 
532	0.072222	0.303184	0.000000 
533	0.086666	0.306221	0.000000 
534	0.086550	0.319661	0.000000 
535	0.101110	0.309258	0.000000 
536	0.115555	0.312295	0.000000 
537	0.115400	0.324215	0.000000 
538	0.129999	0.315332	0.000000 
539	0.144443	0.318368	0.000000 
540	0.144250	0.328769	0.000000 
541	0.158888	0.321405	0.000000 
542	0.173332	0.324442	0.000000 
543	0.173099	0.333322	0.000000 
544	0.187776	0.327479	0.000000 
545	0.202221	0.330516	0.000000 
546	0.201949	0.337876	0.000000 
547	0.216665	0.333553	0.000000 
548	0.288886	0.348737	0.000000 
549	0.274442	0.345700	0.000000 
550	0.288499	0.351537	0.000000 
551	0.231109	0.336589	0.000000 
552	0.259998	0.342663	0.000000 
553	0.259649	0.346984	0.000000 
554	0.245553	0.339626	0.000000 
555	0.230799	0.342430	0.000000 
556	0.325518	0.014411	0.000000 
557	0.324000	0.000000	0.000000 
558	0.342000	0.000000	0.000000 
559	0.327035	0.028822	0.000000 
560	0.343517	0.028806	0.000000 
561	0.328553	0.043233	0.000000 
562	0.330070	0.057644	0.000000 
563	0.345035	0.057611	0.000000 
564	0.331588	0.072055	0.000000 
565	0.333105	0.086467	0.000000 
566	0.346552	0.086417	0.000000 
567	0.334623	0.100878	0.000000 
568	0.336140	0.115289	0.000000 
569	0.348069	0.115222	0.000000 
570	0.337658	0.129700	0.000000 
571	0.339175	0.144111	0.000000 
572	0.349587	0.144028	0.000000 
573	0.340693	0.158522	0.000000 
574	0.342211	0.172933	0.000000 
575	0.351104	0.172833	0.000000 
576	0.343728	0.187344	0.000000 
577	0.345246	0.201755	0.000000 
578	0.352621	0.201639	0.000000 
579	0.346763	0.216166	0.000000 
580	0.348281	0.230578	0.000000 
581	0.354139	0.230444	0.000000 
582	0.349798	0.244989	0.000000 
583	0.351316	0.259400	0.000000 
584	0.352833	0.273811	0.000000 
585	0.355656	0.259250	0.000000 
586	0.354351	0.288222	0.000000 
587	0.357173	0.288056	0.000000 
588	0.000000	0.324000	0.000000 
589	0.014411	0.325518	0.000000 
590	0.000000	0.342000	0.000000 
591	0.028822	0.327035	0.000000 
592	0.028806	0.343517	0.000000 
593	0.043233	0.328553	0.000000 
594	0.057644	0.330070	0.000000 
595	0.057611	0.345035	0.000000 
596	0.072055	0.331588	0.000000 
597	0.086467	0.333105	0.000000 
598	0.086417	0.346552	0.000000 
599	0.100878	0.334623	0.000000 
600	0.115289	0.336140	0.000000 
601	0.115222	0.348069	0.000000 
602	0.129700	0.337658	0.000000 
603	0.144111	0.339175	0.000000 
604	0.144028	0.349587	0.000000 
605	0.158522	0.340693	0.000000 
606	0.172933	0.342211	0.000000 
607	0.172833	0.351104	0.000000 
608	0.187344	0.343728	0.000000 
609	0.288222	0.354351	0.000000 
610	0.273811	0.352833	0.000000 
611	0.288056	0.357173	0.000000 
612	0.201755	0.345246	0.000000 
613	0.201639	0.352621	0.000000 
614	0.216166	0.346763	0.000000 
615	0.230578	0.348281	0.000000 
616	0.259400	0.351316	0.000000 
617	0.259250	0.355656	0.000000 
618	0.244989	0.349798	0.000000 
619	0.230444	0.354139	0.000000 
620	0.360000	0.014400	0.000000 
621	0.360000	0.000000	0.000000 
622	0.378000	0.000000	0.000000 
623	0.360000	0.028800	0.000000 
624	0.360000	0.043200	0.000000 
625	0.376483	0.028806	0.000000 
626	0.360000	0.057600	0.000000 
627	0.360000	0.072000	0.000000 
628	0.374965	0.057611	0.000000 
629	0.360000	0.086400	0.000000 
630	0.360000	0.100800	0.000000 
631	0.373448	0.086417	0.000000 
632	0.360000	0.115200	0.000000 
633	0.360000	0.129600	0.000000 
634	0.371931	0.115222	0.000000 
635	0.360000	0.144000	0.000000 
636	0.360000	0.158400	0.000000 
637	0.370413	0.144028	0.000000 
638	0.360000	0.172800	0.000000 
639	0.360000	0.187200	0.000000 
640	0.368896	0.172833	0.000000 
641	0.360000	0.201600	0.000000 
642	0.360000	0.216000	0.000000 
643	0.367379	0.201639	0.000000 
644	0.360000	0.230400	0.000000 
645	0.365861	0.230444	0.000000 
646	0.360000	0.244800	0.000000 
647	0.360000	0.259200	0.000000 
648	0.360000	0.273600	0.000000 
649	0.360000	0.288000	0.000000 
650	0.364344	0.259250	0.000000 
651	0.362827	0.288056	0.000000 
652	0.000000	0.360000	0.000000 
653	0.014400	0.360000	0.000000 
654	0.000000	0.378000	0.000000 
655	0.028800	0.360000	0.000000 
656	0.028806	0.376483	0.000000 
657	0.043200	0.360000	0.000000 
658	0.057600	0.360000	0.000000 
659	0.057611	0.374965	0.000000 
660	0.072000	0.360000	0.000000 
661	0.086400	0.360000	0.000000 
662	0.086417	0.373448	0.000000 
663	0.100800	0.360000	0.000000 
664	0.115200	0.360000	0.000000 
665	0.115222	0.371931	0.000000 
666	0.129600	0.360000	0.000000 
667	0.144000	0.360000	0.000000 
668	0.144028	0.370413	0.000000 
669	0.158400	0.360000	0.000000 
670	0.172800	0.360000	0.000000 
671	0.172833	0.368896	0.000000 
672	0.187200	0.360000	0.000000 
673	0.288000	0.360000	0.000000 
674	0.273600	0.360000	0.000000 
675	0.288056	0.362827	0.000000 
676	0.201600	0.360000	0.000000 
677	0.201639	0.367379	0.000000 
678	0.216000	0.360000	0.000000 
679	0.259200	0.360000	0.000000 
680	0.230400	0.360000	0.000000 
681	0.244800	0.360000	0.000000 
682	0.230444	0.365861	0.000000 
683	0.259250	0.364344	0.000000 
684	0.394482	0.014411	0.000000 
685	0.396000	0.000000	0.000000 
686	0.414000	0.000000	0.000000 
687	0.392965	0.028822	0.000000 
688	0.391447	0.043233	0.000000 
689	0.409446	0.028850	0.000000 
690	0.389930	0.057644	0.000000 
691	0.388412	0.072055	0.000000 
692	0.404893	0.057700	0.000000 
693	0.386895	0.086467	0.000000 
694	0.385377	0.100878	0.000000 
695	0.400339	0.086550	0.000000 
696	0.383860	0.115289	0.000000 
697	0.382342	0.129700	0.000000 
698	0.395785	0.115400	0.000000 
699	0.380825	0.144111	0.000000 
700	0.379307	0.158522	0.000000 
701	0.391231	0.144250	0.000000 
702	0.377789	0.172933	0.000000 
703	0.376272	0.187344	0.000000 
704	0.386678	0.173099	0.000000 
705	0.374754	0.201755	0.000000 
706	0.373237	0.216166	0.000000 
707	0.382124	0.201949	0.000000 
708	0.371719	0.230578	0.000000 
709	0.377570	0.230799	0.000000 
710	0.370202	0.244989	0.000000 
711	0.368684	0.259400	0.000000 
712	0.373016	0.259649	0.000000 
713	0.365649	0.288222	0.000000 
714	0.367167	0.273811	0.000000 
715	0.368463	0.288499	0.000000 
716	0.000000	0.396000	0.000000 
717	0.014411	0.394482	0.000000 
718	0.000000	0.414000	0.000000 
719	0.028822	0.392965	0.000000 
720	0.028850	0.409446	0.000000 
721	0.043233	0.391447	0.000000 
722	0.057644	0.389930	0.000000 
723	0.057700	0.404893	0.000000 
724	0.072055	0.388412	0.000000 
725	0.086467	0.386895	0.000000 
726	0.086550	0.400339	0.000000 
727	0.100878	0.385377	0.000000 
728	0.115289	0.383860	0.000000 
729	0.115400	0.395785	0.000000 
730	0.129700	0.382342	0.000000 
731	0.144111	0.380825	0.000000 
732	0.144250	0.391231	0.000000 
733	0.158522	0.379307	0.000000 
734	0.172933	0.377789	0.000000 
735	0.173099	0.386678	0.000000 
736	0.187344	0.376272	0.000000 
737	0.288222	0.365649	0.000000 
738	0.273811	0.367167	0.000000 
739	0.288499	0.368463	0.000000 
740	0.201755	0.374754	0.000000 
741	0.201949	0.382124	0.000000 
742	0.216166	0.373237	0.000000 
743	0.259400	0.368684	0.000000 
744	0.230578	0.371719	0.000000 
745	0.244989	0.370202	0.000000 
746	0.230799	0.377570	0.000000 
747	0.259649	0.373016	0.000000 
748	0.428963	0.014444	0.000000 
749	0.432000	0.000000	0.000000 
750	0.450000	0.000000	0.000000 
751	0.425926	0.028889	0.000000 
752	0.422889	0.043333	0.000000 
753	0.442405	0.028938	0.000000 
754	0.419853	0.057777	0.000000 
755	0.416816	0.072222	0.000000 
756	0.434809	0.057877	0.000000 
757	0.413779	0.086666	0.000000 
758	0.410742	0.101110	0.000000 
759	0.427214	0.086815	0.000000 
760	0.407705	0.115555	0.000000 
761	0.404668	0.129999	0.000000 
762	0.419619	0.115753	0.000000 
763	0.401632	0.144443	0.000000 
764	0.398595	0.158888	0.000000 
765	0.412023	0.144692	0.000000 
766	0.395558	0.173332	0.000000 
767	0.392521	0.187776	0.000000 
768	0.404428	0.173630	0.000000 
769	0.389484	0.202221	0.000000 
770	0.386447	0.216665	0.000000 
771	0.396833	0.202568	0.000000 
772	0.383411	0.231109	0.000000 
773	0.389237	0.231507	0.000000 
774	0.380374	0.245553	0.000000 
775	0.377337	0.259998	0.000000 
776	0.374300	0.274442	0.000000 
777	0.371263	0.288886	0.000000 
778	0.381642	0.260445	0.000000 
779	0.374046	0.289383	0.000000 
780	0.000000	0.432000	0.000000 
781	0.014444	0.428963	0.000000 
782	0.000000	0.450000	0.000000 
783	0.028889	0.425926	0.000000 
784	0.028938	0.442405	0.000000 
785	0.043333	0.422889	0.000000 
786	0.057777	0.419853	0.000000 
787	0.057877	0.434809	0.000000 
788	0.072222	0.416816	0.000000 
789	0.086666	0.413779	0.000000 
790	0.086815	0.427214	0.000000 
791	0.101110	0.410742	0.000000 
792	0.115555	0.407705	0.000000 
793	0.115753	0.419619	0.000000 
794	0.129999	0.404668	0.000000 
795	0.144443	0.401632	0.000000 
796	0.144692	0.412023	0.000000 
797	0.158888	0.398595	0.000000 
798	0.173332	0.395558	0.000000 
799	0.173630	0.404428	0.000000 
800	0.187776	0.392521	0.000000 
801	0.274442	0.374300	0.000000 
802	0.288886	0.371263	0.000000 
803	0.289383	0.374047	0.000000 
804	0.202221	0.389484	0.000000 
805	0.202568	0.396833	0.000000 
806	0.216665	0.386447	0.000000 
807	0.259998	0.377337	0.000000 
808	0.231109	0.383411	0.000000 
809	0.245553	0.380374	0.000000 
810	0.231507	0.389237	0.000000 
811	0.260445	0.381642	0.000000 
812	0.463440	0.014499	0.000000 
813	0.468000	0.000000	0.000000 
814	0.486000	0.000000	0.000000 
815	0.458881	0.028999	0.000000 
816	0.454321	0.043498	0.000000 
817	0.475354	0.029070	0.000000 
818	0.449762	0.057998	0.000000 
819	0.445202	0.072497	0.000000 
820	0.464709	0.058141	0.000000 
821	0.440642	0.086997	0.000000 
822	0.436083	0.101496	0.000000 
823	0.454063	0.087211	0.000000 
824	0.431523	0.115996	0.000000 
825	0.426964	0.130495	0.000000 
826	0.443417	0.116281	0.000000 
827	0.422404	0.144995	0.000000 
828	0.417844	0.159494	0.000000 
829	0.432772	0.145352	0.000000 
830	0.413285	0.173994	0.000000 
831	0.408725	0.188493	0.000000 
832	0.422126	0.174422	0.000000 
833	0.404166	0.202993	0.000000 
834	0.399606	0.217492	0.000000 
835	0.411481	0.203492	0.000000 
836	0.395046	0.231992	0.000000 
837	0.400835	0.232563	0.000000 
838	0.390487	0.246491	0.000000 
839	0.385927	0.260990	0.000000 
840	0.390189	0.261633	0.000000 
841	0.376808	0.289989	0.000000 
842	0.381368	0.275490	0.000000 
843	0.379544	0.290703	0.000000 
844	0.000000	0.468000	0.000000 
845	0.014499	0.463440	0.000000 
846	0.000000	0.486000	0.000000 
847	0.028999	0.458881	0.000000 
848	0.029070	0.475354	0.000000 
849	0.043498	0.454321	0.000000 
850	0.057998	0.449762	0.000000 
851	0.058141	0.464709	0.000000 
852	0.072497	0.445202	0.000000 
853	0.086997	0.440642	0.000000 
854	0.087211	0.454063	0.000000 
855	0.101496	0.436083	0.000000 
856	0.115996	0.431523	0.000000 
857	0.116281	0.443417	0.000000 
858	0.130495	0.426964	0.000000 
859	0.144995	0.422404	0.000000 
860	0.145352	0.432772	0.000000 
861	0.159494	0.417844	0.000000 
862	0.173994	0.413285	0.000000 
863	0.174422	0.422126	0.000000 
864	0.188493	0.408725	0.000000 
865	0.275490	0.381368	0.000000 
866	0.289989	0.376808	0.000000 
867	0.290703	0.379544	0.000000 
868	0.202993	0.404166	0.000000 
869	0.217492	0.399606	0.000000 
870	0.203492	0.411481	0.000000 
871	0.260990	0.385927	0.000000 
872	0.231992	0.395046	0.000000 
873	0.246491	0.390487	0.000000 
874	0.232563	0.400835	0.000000 
875	0.261633	0.390189	0.000000 
876	0.497912	0.014576	0.000000 
877	0.504000	0.000000	0.000000 
878	0.522000	0.000000	0.000000 
879	0.491825	0.029152	0.000000 
880	0.485737	0.043729	0.000000 
881	0.508292	0.029245	0.000000 
882	0.479650	0.058305	0.000000 
883	0.473562	0.072881	0.000000 
884	0.494584	0.058490	0.000000 
885	0.467475	0.087457	0.000000 
886	0.461387	0.102033	0.000000 
887	0.480876	0.087735	0.000000 
888	0.455300	0.116610	0.000000 
889	0.449212	0.131186	0.000000 
890	0.467168	0.116980	0.000000 
891	0.443125	0.145762	0.000000 
892	0.437037	0.160338	0.000000 
893	0.453460	0.146225	0.000000 
894	0.430950	0.174914	0.000000 
895	0.424862	0.189491	0.000000 
896	0.439752	0.175470	0.000000 
897	0.418774	0.204067	0.000000 
898	0.412687	0.218643	0.000000 
899	0.426044	0.204715	0.000000 
900	0.406599	0.233219	0.000000 
901	0.412336	0.233960	0.000000 
902	0.400512	0.247795	0.000000 
903	0.394424	0.262372	0.000000 
904	0.388337	0.276948	0.000000 
905	0.382249	0.291524	0.000000 
906	0.398628	0.263205	0.000000 
907	0.384920	0.292450	0.000000 
908	0.000000	0.504000	0.000000 
909	0.014576	0.497912	0.000000 
910	0.000000	0.522000	0.000000 
911	0.029152	0.491825	0.000000 
912	0.029245	0.508292	0.000000 
913	0.043729	0.485737	0.000000 
914	0.058305	0.479650	0.000000 
915	0.058490	0.494584	0.000000 
916	0.072881	0.473562	0.000000 
917	0.087457	0.467475	0.000000 
918	0.087735	0.480876	0.000000 
919	0.102033	0.461387	0.000000 
920	0.116610	0.455300	0.000000 
921	0.116980	0.467168	0.000000 
922	0.131186	0.449212	0.000000 
923	0.145762	0.443125	0.000000 
924	0.146225	0.453460	0.000000 
925	0.160338	0.437037	0.000000 
926	0.174914	0.430950	0.000000 
927	0.189491	0.424862	0.000000 
928	0.175470	0.439752	0.000000 
929	0.276948	0.388337	0.000000 
930	0.291524	0.382249	0.000000 
931	0.292450	0.384920	0.000000 
932	0.204067	0.418774	0.000000 
933	0.218643	0.412687	0.000000 
934	0.204715	0.426044	0.000000 
935	0.262372	0.394424	0.000000 
936	0.233219	0.406599	0.000000 
937	0.247795	0.400512	0.000000 
938	0.233960	0.412336	0.000000 
939	0.263205	0.398628	0.000000 
940	0.532378	0.014674	0.000000 
941	0.540000	0.000000	0.000000 
942	0.558000	0.000000	0.000000 
943	0.524755	0.029348	0.000000 
944	0.517133	0.044022	0.000000 
945	0.541214	0.029461	0.000000 
946	0.509511	0.058696	0.000000 
947	0.501888	0.073370	0.000000 
948	0.524429	0.058923	0.000000 
949	0.494266	0.088044	0.000000 
950	0.486644	0.102718	0.000000 
951	0.507643	0.088384	0.000000 
952	0.479021	0.117392	0.000000 
953	0.471399	0.132066	0.000000 
954	0.490857	0.117845	0.000000 
955	0.463777	0.146740	0.000000 
956	0.456154	0.161414	0.000000 
957	0.474072	0.147307	0.000000 
958	0.448532	0.176088	0.000000 
959	0.440910	0.190762	0.000000 
960	0.457286	0.176768	0.000000 
961	0.433287	0.205436	0.000000 
962	0.425665	0.220111	0.000000 
963	0.440500	0.206230	0.000000 
964	0.418043	0.234785	0.000000 
965	0.423715	0.235691	0.000000 
966	0.410420	0.249459	0.000000 
967	0.402798	0.264133	0.000000 
968	0.406929	0.265152	0.000000 
969	0.387553	0.293481	0.000000 
970	0.395176	0.278807	0.000000 
971	0.390143	0.294614	0.000000 
972	0.000000	0.540000	0.000000 
973	0.014674	0.532378	0.000000 
974	0.000000	0.558000	0.000000 
975	0.029348	0.524755	0.000000 
976	0.029461	0.541214	0.000000 
977	0.044022	0.517133	0.000000 
978	0.058696	0.509511	0.000000 
979	0.058923	0.524429	0.000000 
980	0.073370	0.501888	0.000000 
981	0.088044	0.494266	0.000000 
982	0.088384	0.507643	0.000000 
983	0.102718	0.486644	0.000000 
984	0.117392	0.479021	0.000000 
985	0.117845	0.490857	0.000000 
986	0.132066	0.471399	0.000000 
987	0.146740	0.463777	0.000000 
988	0.161414	0.456154	0.000000 
989	0.147307	0.474072	0.000000 
990	0.176088	0.448532	0.000000 
991	0.190762	0.440910	0.000000 
992	0.176768	0.457286	0.000000 
993	0.278807	0.395176	0.000000 
994	0.293481	0.387553	0.000000 
995	0.294614	0.390144	0.000000 
996	0.205436	0.433287	0.000000 
997	0.220111	0.425665	0.000000 
998	0.206230	0.440500	0.000000 
999	0.264133	0.402798	0.000000 
1000	0.234785	0.418043	0.000000 
1001	0.249459	0.410420	0.000000 
1002	0.235691	0.423715	0.000000 
1003	0.265152	0.406929	0.000000 
1004	0.566834	0.014792	0.000000 
1005	0.576000	0.000000	0.000000 
1006	0.594000	0.000000	0.000000 
1007	0.557669	0.029585	0.000000 
1008	0.548503	0.044377	0.000000 
1009	0.574118	0.029718	0.000000 
1010	0.539337	0.059170	0.000000 
1011	0.530172	0.073962	0.000000 
1012	0.554236	0.059436	0.000000 
1013	0.521006	0.088754	0.000000 
1014	0.511841	0.103547	0.000000 
1015	0.534354	0.089154	0.000000 
1016	0.502675	0.118339	0.000000 
1017	0.493509	0.133131	0.000000 
1018	0.514472	0.118872	0.000000 
1019	0.484344	0.147924	0.000000 
1020	0.475178	0.162716	0.000000 
1021	0.494590	0.148590	0.000000 
1022	0.466012	0.177509	0.000000 
1023	0.456847	0.192301	0.000000 
1024	0.474708	0.178308	0.000000 
1025	0.447681	0.207093	0.000000 
1026	0.438515	0.221886	0.000000 
1027	0.454827	0.208026	0.000000 
1028	0.429350	0.236678	0.000000 
1029	0.434945	0.237744	0.000000 
1030	0.420184	0.251470	0.000000 
1031	0.411019	0.266263	0.000000 
1032	0.401853	0.281055	0.000000 
1033	0.392687	0.295848	0.000000 
1034	0.415063	0.267462	0.000000 
1035	0.395181	0.297180	0.000000 
1036	0.000000	0.576000	0.000000 
1037	0.014792	0.566834	0.000000 
1038	0.000000	0.594000	0.000000 
1039	0.029585	0.557669	0.000000 
1040	0.029718	0.574118	0.000000 
1041	0.044377	0.548503	0.000000 
1042	0.059170	0.539337	0.000000 
1043	0.059436	0.554236	0.000000 
1044	0.073962	0.530172	0.000000 
1045	0.088754	0.521006	0.000000 
1046	0.089154	0.534354	0.000000 
1047	0.103547	0.511841	0.000000 
1048	0.118339	0.502675	0.000000 
1049	0.133131	0.493509	0.000000 
1050	0.118872	0.514472	0.000000 
1051	0.147924	0.484344	0.000000 
1052	0.162716	0.475178	0.000000 
1053	0.148590	0.494590	0.000000 
1054	0.177509	0.466012	0.000000 
1055	0.192301	0.456847	0.000000 
1056	0.178308	0.474708	0.000000 
1057	0.281055	0.401853	0.000000 
1058	0.295848	0.392687	0.000000 
1059	0.297180	0.395181	0.000000 
1060	0.207093	0.447681	0.000000 
1061	0.221886	0.438515	0.000000 
1062	0.208026	0.454827	0.000000 
1063	0.266263	0.411019	0.000000 
1064	0.236678	0.429350	0.000000 
1065	0.251470	0.420184	0.000000 
1066	0.237744	0.434945	0.000000 
1067	0.267462	0.415063	0.000000 
1068	0.601281	0.014930	0.000000 
1069	0.612000	0.000000	0.000000 
1070	0.630000	0.000000	0.000000 
1071	0.590562	0.029861	0.000000 
1072	0.579843	0.044791	0.000000 
1073	0.607000	0.030013	0.000000 
1074	0.569124	0.059722	0.000000 
1075	0.558405	0.074652	0.000000 
1076	0.584000	0.060027	0.000000 
1077	0.547686	0.089583	0.000000 
1078	0.536967	0.104513	0.000000 
1079	0.561000	0.090040	0.000000 
1080	0.526248	0.119444	0.000000 
1081	0.515529	0.134374	0.000000 
1082	0.538000	0.120054	0.000000 
1083	0.504810	0.149305	0.000000 
1084	0.494091	0.164235	0.000000 
1085	0.515001	0.150067	0.000000 
1086	0.483372	0.179166	0.000000 
1087	0.472653	0.194096	0.000000 
1088	0.492001	0.180081	0.000000 
1089	0.461934	0.209027	0.000000 
1090	0.451215	0.223957	0.000000 
1091	0.469001	0.210094	0.000000 
1092	0.440496	0.238888	0.000000 
1093	0.446001	0.240107	0.000000 
1094	0.429777	0.253818	0.000000 
1095	0.419058	0.268749	0.000000 
1096	0.423001	0.270121	0.000000 
1097	0.397620	0.298610	0.000000 
1098	0.408339	0.283679	0.000000 
1099	0.400001	0.300134	0.000000 
1100	0.000000	0.612000	0.000000 
1101	0.014930	0.601281	0.000000 
1102	0.000000	0.630000	0.000000 
1103	0.029861	0.590562	0.000000 
1104	0.030013	0.607000	0.000000 
1105	0.044791	0.579843	0.000000 
1106	0.059722	0.569124	0.000000 
1107	0.060027	0.584000	0.000000 
1108	0.074652	0.558405	0.000000 
1109	0.089583	0.547686	0.000000 
1110	0.104513	0.536967	0.000000 
1111	0.090040	0.561000	0.000000 
1112	0.119444	0.526248	0.000000 
1113	0.134374	0.515529	0.000000 
1114	0.120054	0.538000	0.000000 
1115	0.149305	0.504810	0.000000 
1116	0.164235	0.494091	0.000000 
1117	0.150067	0.515001	0.000000 
1118	0.179166	0.483372	0.000000 
1119	0.194096	0.472653	0.000000 
1120	0.180081	0.492001	0.000000 
1121	0.283679	0.408339	0.000000 
1122	0.298610	0.397620	0.000000 
1123	0.300134	0.400001	0.000000 
1124	0.209027	0.461934	0.000000 
1125	0.223957	0.451215	0.000000 
1126	0.210094	0.469001	0.000000 
1127	0.268749	0.419058	0.000000 
1128	0.238888	0.440496	0.000000 
1129	0.253818	0.429777	0.000000 
1130	0.240107	0.446001	0.000000 
1131	0.270121	0.423001	0.000000 
1132	0.635716	0.015088	0.000000 
1133	0.648000	0.000000	0.000000 
1134	0.666000	0.000000	0.000000 
1135	0.623432	0.030175	0.000000 
1136	0.611148	0.045263	0.000000 
1137	0.639857	0.030346	0.000000 
1138	0.598864	0.060350	0.000000 
1139	0.586580	0.075438	0.000000 
1140	0.613715	0.060691	0.000000 
1141	0.574296	0.090525	0.000000 
1142	0.562012	0.105613	0.000000 
1143	0.587572	0.091037	0.000000 
1144	0.549728	0.120700	0.000000 
1145	0.537444	0.135788	0.000000 
1146	0.561430	0.121383	0.000000 
1147	0.525160	0.150875	0.000000 
1148	0.512876	0.165963	0.000000 
1149	0.535287	0.151729	0.000000 
1150	0.500592	0.181050	0.000000 
1151	0.488308	0.196138	0.000000 
1152	0.509145	0.182074	0.000000 
1153	0.476024	0.211226	0.000000 
1154	0.463740	0.226313	0.000000 
1155	0.483002	0.212420	0.000000 
1156	0.451456	0.241401	0.000000 
1157	0.456860	0.242766	0.000000 
1158	0.439172	0.256488	0.000000 
1159	0.426888	0.271576	0.000000 
1160	0.414605	0.286663	0.000000 
1161	0.402321	0.301751	0.000000 
1162	0.430717	0.273111	0.000000 
1163	0.404575	0.303457	0.000000 
1164	0.000000	0.648000	0.000000 
1165	0.015088	0.635716	0.000000 
1166	0.000000	0.666000	0.000000 
1167	0.030175	0.623432	0.000000 
1168	0.030346	0.639857	0.000000 
1169	0.045263	0.611148	0.000000 
1170	0.060350	0.598864	0.000000 
1171	0.075438	0.586580	0.000000 
1172	0.060691	0.613715	0.000000 
1173	0.090525	0.574296	0.000000 
1174	0.105613	0.562012	0.000000 
1175	0.091037	0.587572	0.000000 
1176	0.120700	0.549728	0.000000 
1177	0.135788	0.537444	0.000000 
1178	0.121383	0.561430	0.000000 
1179	0.150875	0.525160	0.000000 
1180	0.165963	0.512876	0.000000 
1181	0.151729	0.535287	0.000000 
1182	0.181050	0.500592	0.000000 
1183	0.196138	0.488308	0.000000 
1184	0.182074	0.509145	0.000000 
1185	0.211226	0.476024	0.000000 
1186	0.226313	0.463740	0.000000 
1187	0.212420	0.483002	0.000000 
1188	0.286663	0.414605	0.000000 
1189	0.301751	0.402321	0.000000 
1190	0.303457	0.404575	0.000000 
1191	0.271576	0.426888	0.000000 
1192	0.241401	0.451456	0.000000 
1193	0.256488	0.439172	0.000000 
1194	0.242766	0.456860	0.000000 
1195	0.273111	0.430717	0.000000 
1196	0.684000	0.000000	0.000000 
1197	0.670138	0.015263	0.000000 
1198	0.702000	0.000000	0.000000 
1199	0.656276	0.030525	0.000000 
1200	0.642414	0.045788	0.000000 
1201	0.672687	0.030713	0.000000 
1202	0.628552	0.061050	0.000000 
1203	0.614690	0.076313	0.000000 
1204	0.643375	0.061426	0.000000 
1205	0.600828	0.091575	0.000000 
1206	0.586966	0.106838	0.000000 
1207	0.614062	0.092139	0.000000 
1208	0.573104	0.122100	0.000000 
1209	0.559242	0.137363	0.000000 
1210	0.584749	0.122852	0.000000 
1211	0.545380	0.152625	0.000000 
1212	0.531518	0.167888	0.000000 
1213	0.555437	0.153564	0.000000 
1214	0.517656	0.183150	0.000000 
1215	0.503794	0.198413	0.000000 
1216	0.526124	0.184277	0.000000 
1217	0.489932	0.213676	0.000000 
1218	0.476070	0.228938	0.000000 
1219	0.496812	0.214990	0.000000 
1220	0.462208	0.244201	0.000000 
1221	0.467499	0.245703	0.000000 
1222	0.448346	0.259463	0.000000 
1223	0.434484	0.274726	0.000000 
1224	0.406760	0.305251	0.000000 
1225	0.420622	0.289988	0.000000 
1226	0.438186	0.276416	0.000000 
1227	0.408874	0.307129	0.000000 
1228	0.015263	0.670138	0.000000 
1229	0.000000	0.684000	0.000000 
1230	0.000000	0.702000	0.000000 
1231	0.030525	0.656276	0.000000 
1232	0.045788	0.642414	0.000000 
1233	0.030713	0.672687	0.000000 
1234	0.061050	0.628552	0.000000 
1235	0.076313	0.614690	0.000000 
1236	0.061426	0.643375	0.000000 
1237	0.091575	0.600828	0.000000 
1238	0.106838	0.586966	0.000000 
1239	0.092139	0.614062	0.000000 
1240	0.122100	0.573104	0.000000 
1241	0.137363	0.559242	0.000000 
1242	0.122852	0.584749	0.000000 
1243	0.152625	0.545380	0.000000 
1244	0.167888	0.531518	0.000000 
1245	0.153564	0.555437	0.000000 
1246	0.183150	0.517656	0.000000 
1247	0.198413	0.503794	0.000000 
1248	0.184277	0.526124	0.000000 
1249	0.213676	0.489932	0.000000 
1250	0.228938	0.476070	0.000000 
1251	0.214990	0.496812	0.000000 
1252	0.305251	0.406760	0.000000 
1253	0.289988	0.420622	0.000000 
1254	0.307129	0.408874	0.000000 
1255	0.244201	0.462208	0.000000 
1256	0.274726	0.434484	0.000000 
1257	0.259463	0.448346	0.000000 
1258	0.245703	0.467499	0.000000 
1259	0.276416	0.438186	0.000000 
1260	0.704546	0.015454	0.000000 
1261	0.720000	0.000000	0.000000 
1262	0.720000	0.018000	0.000000 
1263	0.689091	0.030909	0.000000 
1264	0.673637	0.046363	0.000000 
1265	0.689287	0.047313	0.000000 
1266	0.658182	0.061818	0.000000 
1267	0.642728	0.077272	0.000000 
1268	0.658574	0.076625	0.000000 
1269	0.627274	0.092726	0.000000 
1270	0.611819	0.108181	0.000000 
1271	0.627861	0.105938	0.000000 
1272	0.596365	0.123635	0.000000 
1273	0.580910	0.139090	0.000000 
1274	0.597149	0.135251	0.000000 
1275	0.565456	0.154544	0.000000 
1276	0.550001	0.169999	0.000000 
1277	0.566436	0.164563	0.000000 
1278	0.534547	0.185453	0.000000 
1279	0.519093	0.200907	0.000000 
1280	0.535723	0.193876	0.000000 
1281	0.503638	0.216362	0.000000 
1282	0.488184	0.231816	0.000000 
1283	0.505010	0.223188	0.000000 
1284	0.472729	0.247271	0.000000 
1285	0.474297	0.252501	0.000000 
1286	0.457275	0.262725	0.000000 
1287	0.441821	0.278179	0.000000 
1288	0.410912	0.309088	0.000000 
1289	0.443584	0.281814	0.000000 
1290	0.426366	0.293634	0.000000 
1291	0.412871	0.311126	0.000000 
1292	0.015454	0.704546	0.000000 
1293	0.000000	0.720000	0.000000 
1294	0.018000	0.720000	0.000000 
1295	0.030909	0.689091	0.000000 
1296	0.046363	0.673637	0.000000 
1297	0.047313	0.689287	0.000000 
1298	0.061818	0.658182	0.000000 
1299	0.077272	0.642728	0.000000 
1300	0.076625	0.658574	0.000000 
1301	0.092726	0.627274	0.000000 
1302	0.108181	0.611819	0.000000 
1303	0.105938	0.627861	0.000000 
1304	0.123635	0.596365	0.000000 
1305	0.139090	0.580910	0.000000 
1306	0.135251	0.597149	0.000000 
1307	0.154544	0.565456	0.000000 
1308	0.169999	0.550001	0.000000 
1309	0.164563	0.566436	0.000000 
1310	0.185453	0.534547	0.000000 
1311	0.200907	0.519093	0.000000 
1312	0.193876	0.535723	0.000000 
1313	0.216362	0.503638	0.000000 
1314	0.231816	0.488184	0.000000 
1315	0.223188	0.505010	0.000000 
1316	0.293634	0.426366	0.000000 
1317	0.309088	0.410912	0.000000 
1318	0.311126	0.412871	0.000000 
1319	0.247271	0.472729	0.000000 
1320	0.278179	0.441821	0.000000 
1321	0.281814	0.443584	0.000000 
1322	0.262725	0.457275	0.000000 
1323	0.252501	0.474297	0.000000 
1324	0.704737	0.049862	0.000000 
1325	0.720000	0.036000	0.000000 
1326	0.720000	0.054000	0.000000 
1327	0.689475	0.063724	0.000000 
1328	0.674212	0.077586	0.000000 
1329	0.689654	0.080143	0.000000 
1330	0.658950	0.091448	0.000000 
1331	0.643687	0.105310	0.000000 
1332	0.659309	0.106285	0.000000 
1333	0.628425	0.119172	0.000000 
1334	0.613162	0.133034	0.000000 
1335	0.628963	0.132428	0.000000 
1336	0.597900	0.146896	0.000000 
1337	0.582637	0.160758	0.000000 
1338	0.598617	0.158570	0.000000 
1339	0.567375	0.174620	0.000000 
1340	0.552112	0.188482	0.000000 
1341	0.568271	0.184713	0.000000 
1342	0.536850	0.202344	0.000000 
1343	0.521587	0.216206	0.000000 
1344	0.537926	0.210855	0.000000 
1345	0.506324	0.230068	0.000000 
1346	0.491062	0.243930	0.000000 
1347	0.507580	0.236998	0.000000 
1348	0.475799	0.257792	0.000000 
1349	0.477234	0.263140	0.000000 
1350	0.460537	0.271654	0.000000 
1351	0.445274	0.285516	0.000000 
1352	0.414749	0.313240	0.000000 
1353	0.446889	0.289283	0.000000 
1354	0.430012	0.299378	0.000000 
1355	0.416543	0.315425	0.000000 
1356	0.049862	0.704737	0.000000 
1357	0.036000	0.720000	0.000000 
1358	0.054000	0.720000	0.000000 
1359	0.063724	0.689475	0.000000 
1360	0.077586	0.674212	0.000000 
1361	0.080143	0.689654	0.000000 
1362	0.091448	0.658950	0.000000 
1363	0.105310	0.643687	0.000000 
1364	0.106285	0.659309	0.000000 
1365	0.119172	0.628425	0.000000 
1366	0.133034	0.613162	0.000000 
1367	0.132428	0.628963	0.000000 
1368	0.146896	0.597900	0.000000 
1369	0.160758	0.582637	0.000000 
1370	0.158570	0.598617	0.000000 
1371	0.174620	0.567375	0.000000 
1372	0.188482	0.552112	0.000000 
1373	0.184713	0.568271	0.000000 
1374	0.202344	0.536850	0.000000 
1375	0.216206	0.521587	0.000000 
1376	0.210855	0.537926	0.000000 
1377	0.230068	0.506324	0.000000 
1378	0.243930	0.491062	0.000000 
1379	0.236998	0.507580	0.000000 
1380	0.299378	0.430012	0.000000 
1381	0.313240	0.414749	0.000000 
1382	0.315425	0.416543	0.000000 
1383	0.257792	0.475799	0.000000 
1384	0.285516	0.445274	0.000000 
1385	0.289283	0.446889	0.000000 
1386	0.271654	0.460537	0.000000 
1387	0.263140	0.477234	0.000000 
1388	0.704912	0.084284	0.000000 
1389	0.720000	0.072000	0.000000 
1390	0.720000	0.090000	0.000000 
1391	0.689825	0.096568	0.000000 
1392	0.674737	0.108852	0.000000 
1393	0.689987	0.113000	0.000000 
1394	0.659650	0.121136	0.000000 
1395	0.644562	0.133420	0.000000 
1396	0.659973	0.136000	0.000000 
1397	0.629475	0.145704	0.000000 
1398	0.614387	0.157988	0.000000 
1399	0.629960	0.159000	0.000000 
1400	0.599300	0.170272	0.000000 
1401	0.584212	0.182556	0.000000 
1402	0.599946	0.182000	0.000000 
1403	0.569125	0.194840	0.000000 
1404	0.554037	0.207124	0.000000 
1405	0.569933	0.204999	0.000000 
1406	0.538950	0.219408	0.000000 
1407	0.523862	0.231692	0.000000 
1408	0.539919	0.227999	0.000000 
1409	0.508774	0.243976	0.000000 
1410	0.493687	0.256260	0.000000 
1411	0.509906	0.250999	0.000000 
1412	0.478599	0.268544	0.000000 
1413	0.479893	0.273999	0.000000 
1414	0.463512	0.280828	0.000000 
1415	0.448424	0.293112	0.000000 
1416	0.418249	0.317679	0.000000 
1417	0.449879	0.296999	0.000000 
1418	0.433337	0.305395	0.000000 
1419	0.419866	0.319999	0.000000 
1420	0.084284	0.704912	0.000000 
1421	0.072000	0.720000	0.000000 
1422	0.090000	0.720000	0.000000 
1423	0.096568	0.689825	0.000000 
1424	0.108852	0.674737	0.000000 
1425	0.113000	0.689987	0.000000 
1426	0.121136	0.659650	0.000000 
1427	0.133420	0.644562	0.000000 
1428	0.136000	0.659973	0.000000 
1429	0.145704	0.629475	0.000000 
1430	0.157988	0.614387	0.000000 
1431	0.159000	0.629960	0.000000 
1432	0.170272	0.599300	0.000000 
1433	0.182556	0.584212	0.000000 
1434	0.182000	0.599946	0.000000 
1435	0.194840	0.569125	0.000000 
1436	0.207124	0.554037	0.000000 
1437	0.204999	0.569933	0.000000 
1438	0.219408	0.538950	0.000000 
1439	0.231692	0.523862	0.000000 
1440	0.227999	0.539919	0.000000 
1441	0.243976	0.508774	0.000000 
1442	0.256260	0.493687	0.000000 
1443	0.250999	0.509906	0.000000 
1444	0.305395	0.433337	0.000000 
1445	0.317679	0.418249	0.000000 
1446	0.319999	0.419866	0.000000 
1447	0.268544	0.478599	0.000000 
1448	0.293112	0.448424	0.000000 
1449	0.296999	0.449879	0.000000 
1450	0.280828	0.463512	0.000000 
1451	0.273999	0.479893	0.000000 
1452	0.705070	0.118719	0.000000 
1453	0.720000	0.108000	0.000000 
1454	0.720000	0.126000	0.000000 
1455	0.690139	0.129438	0.000000 
1456	0.675209	0.140157	0.000000 
1457	0.690282	0.145882	0.000000 
1458	0.660278	0.150876	0.000000 
1459	0.645348	0.161595	0.000000 
1460	0.660564	0.165764	0.000000 
1461	0.630417	0.172314	0.000000 
1462	0.615487	0.183033	0.000000 
1463	0.630846	0.185646	0.000000 
1464	0.600556	0.193752	0.000000 
1465	0.585626	0.204471	0.000000 
1466	0.601128	0.205528	0.000000 
1467	0.570695	0.215190	0.000000 
1468	0.555765	0.225909	0.000000 
1469	0.571410	0.225410	0.000000 
1470	0.540834	0.236628	0.000000 
1471	0.525904	0.247347	0.000000 
1472	0.541692	0.245292	0.000000 
1473	0.510973	0.258066	0.000000 
1474	0.496043	0.268785	0.000000 
1475	0.511974	0.265173	0.000000 
1476	0.481112	0.279504	0.000000 
1477	0.482256	0.285055	0.000000 
1478	0.466182	0.290223	0.000000 
1479	0.451251	0.300942	0.000000 
1480	0.421390	0.322380	0.000000 
1481	0.452538	0.304937	0.000000 
1482	0.436321	0.311661	0.000000 
1483	0.422820	0.324819	0.000000 
1484	0.118719	0.705070	0.000000 
1485	0.108000	0.720000	0.000000 
1486	0.126000	0.720000	0.000000 
1487	0.129438	0.690139	0.000000 
1488	0.140157	0.675209	0.000000 
1489	0.145882	0.690282	0.000000 
1490	0.150876	0.660278	0.000000 
1491	0.161595	0.645348	0.000000 
1492	0.165764	0.660564	0.000000 
1493	0.172314	0.630417	0.000000 
1494	0.183033	0.615487	0.000000 
1495	0.185646	0.630846	0.000000 
1496	0.193752	0.600556	0.000000 
1497	0.204471	0.585626	0.000000 
1498	0.205528	0.601128	0.000000 
1499	0.215190	0.570695	0.000000 
1500	0.225909	0.555765	0.000000 
1501	0.225410	0.571410	0.000000 
1502	0.236628	0.540834	0.000000 
1503	0.247347	0.525904	0.000000 
1504	0.245292	0.541692	0.000000 
1505	0.258066	0.510973	0.000000 
1506	0.268785	0.496043	0.000000 
1507	0.265173	0.511974	0.000000 
1508	0.311661	0.436321	0.000000 
1509	0.322380	0.421390	0.000000 
1510	0.324819	0.422820	0.000000 
1511	0.279504	0.481112	0.000000 
1512	0.300942	0.451251	0.000000 
1513	0.304937	0.452538	0.000000 
1514	0.290223	0.466182	0.000000 
1515	0.285055	0.482256	0.000000 
1516	0.705208	0.153166	0.000000 
1517	0.720000	0.144000	0.000000 
1518	0.720000	0.162000	0.000000 
1519	0.690415	0.162331	0.000000 
1520	0.675623	0.171497	0.000000 
1521	0.690539	0.178786	0.000000 
1522	0.660831	0.180663	0.000000 
1523	0.646038	0.189828	0.000000 
1524	0.661077	0.195571	0.000000 
1525	0.631246	0.198994	0.000000 
1526	0.616453	0.208159	0.000000 
1527	0.631616	0.212357	0.000000 
1528	0.601661	0.217325	0.000000 
1529	0.586869	0.226491	0.000000 
1530	0.602155	0.229143	0.000000 
1531	0.572076	0.235656	0.000000 
1532	0.557284	0.244822	0.000000 
1533	0.572693	0.245928	0.000000 
1534	0.542491	0.253988	0.000000 
1535	0.527699	0.263153	0.000000 
1536	0.543232	0.262714	0.000000 
1537	0.512907	0.272319	0.000000 
1538	0.498114	0.281485	0.000000 
1539	0.513770	0.279500	0.000000 
1540	0.483322	0.290650	0.000000 
1541	0.484309	0.296285	0.000000 
1542	0.468530	0.299816	0.000000 
1543	0.453737	0.308981	0.000000 
1544	0.424152	0.327313	0.000000 
1545	0.454848	0.313071	0.000000 
1546	0.438945	0.318147	0.000000 
1547	0.425386	0.329857	0.000000 
1548	0.153166	0.705208	0.000000 
1549	0.144000	0.720000	0.000000 
1550	0.162000	0.720000	0.000000 
1551	0.162331	0.690415	0.000000 
1552	0.171497	0.675623	0.000000 
1553	0.178786	0.690539	0.000000 
1554	0.180663	0.660831	0.000000 
1555	0.189828	0.646038	0.000000 
1556	0.195571	0.661077	0.000000 
1557	0.198994	0.631246	0.000000 
1558	0.208159	0.616453	0.000000 
1559	0.212357	0.631616	0.000000 
1560	0.217325	0.601661	0.000000 
1561	0.226491	0.586869	0.000000 
1562	0.229143	0.602155	0.000000 
1563	0.235656	0.572076	0.000000 
1564	0.244822	0.557284	0.000000 
1565	0.245928	0.572693	0.000000 
1566	0.253988	0.542491	0.000000 
1567	0.263153	0.527699	0.000000 
1568	0.262714	0.543232	0.000000 
1569	0.272319	0.512907	0.000000 
1570	0.281485	0.498114	0.000000 
1571	0.279500	0.513770	0.000000 
1572	0.318147	0.438945	0.000000 
1573	0.327313	0.424152	0.000000 
1574	0.329856	0.425386	0.000000 
1575	0.290650	0.483322	0.000000 
1576	0.308981	0.453737	0.000000 
1577	0.313071	0.454848	0.000000 
1578	0.299816	0.468530	0.000000 
1579	0.296285	0.484309	0.000000 
1580	0.705326	0.187622	0.000000 
1581	0.720000	0.180000	0.000000 
1582	0.720000	0.198000	0.000000 
1583	0.690652	0.195245	0.000000 
1584	0.675978	0.202867	0.000000 
1585	0.690755	0.211708	0.000000 
1586	0.661304	0.210489	0.000000 
1587	0.646630	0.218112	0.000000 
1588	0.661510	0.225416	0.000000 
1589	0.631956	0.225734	0.000000 
1590	0.617282	0.233356	0.000000 
1591	0.632265	0.239124	0.000000 
1592	0.602608	0.240979	0.000000 
1593	0.587934	0.248601	0.000000 
1594	0.603020	0.252832	0.000000 
1595	0.573260	0.256223	0.000000 
1596	0.558586	0.263846	0.000000 
1597	0.573775	0.266540	0.000000 
1598	0.543912	0.271468	0.000000 
1599	0.529238	0.279090	0.000000 
1600	0.544530	0.280248	0.000000 
1601	0.514564	0.286713	0.000000 
1602	0.499890	0.294335	0.000000 
1603	0.515285	0.293956	0.000000 
1604	0.485215	0.301957	0.000000 
1605	0.486040	0.307664	0.000000 
1606	0.470541	0.309580	0.000000 
1607	0.455867	0.317202	0.000000 
1608	0.426519	0.332447	0.000000 
1609	0.456795	0.321372	0.000000 
1610	0.441193	0.324824	0.000000 
1611	0.427550	0.335080	0.000000 
1612	0.187622	0.705326	0.000000 
1613	0.180000	0.720000	0.000000 
1614	0.198000	0.720000	0.000000 
1615	0.195245	0.690652	0.000000 
1616	0.202867	0.675978	0.000000 
1617	0.211708	0.690755	0.000000 
1618	0.210489	0.661304	0.000000 
1619	0.218112	0.646630	0.000000 
1620	0.225416	0.661510	0.000000 
1621	0.225734	0.631956	0.000000 
1622	0.233356	0.617282	0.000000 
1623	0.239124	0.632265	0.000000 
1624	0.240979	0.602608	0.000000 
1625	0.248601	0.587934	0.000000 
1626	0.252832	0.603020	0.000000 
1627	0.256223	0.573260	0.000000 
1628	0.263846	0.558586	0.000000 
1629	0.266540	0.573775	0.000000 
1630	0.271468	0.543912	0.000000 
1631	0.279090	0.529238	0.000000 
1632	0.280248	0.544530	0.000000 
1633	0.286713	0.514564	0.000000 
1634	0.294335	0.499890	0.000000 
1635	0.293956	0.515285	0.000000 
1636	0.324824	0.441193	0.000000 
1637	0.332447	0.426519	0.000000 
1638	0.335080	0.427550	0.000000 
1639	0.301957	0.485215	0.000000 
1640	0.317202	0.455867	0.000000 
1641	0.321372	0.456795	0.000000 
1642	0.309580	0.470541	0.000000 
1643	0.307664	0.486040	0.000000 
1644	0.705424	0.222088	0.000000 
1645	0.720000	0.216000	0.000000 
1646	0.720000	0.234000	0.000000 
1647	0.690848	0.228175	0.000000 
1648	0.676271	0.234263	0.000000 
1649	0.690930	0.244646	0.000000 
1650	0.661695	0.240350	0.000000 
1651	0.647119	0.246438	0.000000 
1652	0.661859	0.255291	0.000000 
1653	0.632543	0.252525	0.000000 
1654	0.617967	0.258613	0.000000 
1655	0.632789	0.265937	0.000000 
1656	0.603390	0.264700	0.000000 
1657	0.588814	0.270788	0.000000 
1658	0.603719	0.276583	0.000000 
1659	0.574238	0.276875	0.000000 
1660	0.559662	0.282963	0.000000 
1661	0.574648	0.287228	0.000000 
1662	0.545086	0.289050	0.000000 
1663	0.530509	0.295138	0.000000 
1664	0.545578	0.297874	0.000000 
1665	0.515933	0.301226	0.000000 
1666	0.501357	0.307313	0.000000 
1667	0.516508	0.308519	0.000000 
1668	0.486781	0.313401	0.000000 
1669	0.487437	0.319165	0.000000 
1670	0.472205	0.319488	0.000000 
1671	0.457628	0.325576	0.000000 
1672	0.428476	0.337751	0.000000 
1673	0.458367	0.329811	0.000000 
1674	0.443052	0.331663	0.000000 
1675	0.429297	0.340456	0.000000 
1676	0.222088	0.705424	0.000000 
1677	0.216000	0.720000	0.000000 
1678	0.234000	0.720000	0.000000 
1679	0.228175	0.690848	0.000000 
1680	0.234263	0.676271	0.000000 
1681	0.244646	0.690930	0.000000 
1682	0.240350	0.661695	0.000000 
1683	0.246438	0.647119	0.000000 
1684	0.255291	0.661859	0.000000 
1685	0.252525	0.632543	0.000000 
1686	0.258613	0.617967	0.000000 
1687	0.265937	0.632789	0.000000 
1688	0.264700	0.603390	0.000000 
1689	0.270788	0.588814	0.000000 
1690	0.276583	0.603719	0.000000 
1691	0.276875	0.574238	0.000000 
1692	0.282963	0.559662	0.000000 
1693	0.287228	0.574648	0.000000 
1694	0.289050	0.545086	0.000000 
1695	0.295138	0.530509	0.000000 
1696	0.297874	0.545578	0.000000 
1697	0.301226	0.515933	0.000000 
1698	0.307313	0.501357	0.000000 
1699	0.308519	0.516508	0.000000 
1700	0.331663	0.443052	0.000000 
1701	0.337751	0.428476	0.000000 
1702	0.340456	0.429297	0.000000 
1703	0.313401	0.486781	0.000000 
1704	0.325576	0.457628	0.000000 
1705	0.329811	0.458367	0.000000 
1706	0.319488	0.472205	0.000000 
1707	0.319165	0.487437	0.000000 
1708	0.705501	0.256560	0.000000 
1709	0.720000	0.252000	0.000000 
1710	0.720000	0.270000	0.000000 
1711	0.691001	0.261119	0.000000 
1712	0.676502	0.265679	0.000000 
1713	0.691062	0.277595	0.000000 
1714	0.662002	0.270238	0.000000 
1715	0.647503	0.274798	0.000000 
1716	0.662123	0.285191	0.000000 
1717	0.633003	0.279358	0.000000 
1718	0.618504	0.283917	0.000000 
1719	0.633185	0.292786	0.000000 
1720	0.604004	0.288477	0.000000 
1721	0.589505	0.293036	0.000000 
1722	0.604247	0.300381	0.000000 
1723	0.575005	0.297596	0.000000 
1724	0.560506	0.302156	0.000000 
1725	0.575308	0.307977	0.000000 
1726	0.546006	0.306715	0.000000 
1727	0.531507	0.311275	0.000000 
1728	0.546370	0.315572	0.000000 
1729	0.517007	0.315834	0.000000 
1730	0.502508	0.320394	0.000000 
1731	0.517432	0.323167	0.000000 
1732	0.488009	0.324954	0.000000 
1733	0.473509	0.329513	0.000000 
1734	0.488493	0.330763	0.000000 
1735	0.459010	0.334073	0.000000 
1736	0.430011	0.343192	0.000000 
1737	0.459555	0.338358	0.000000 
1738	0.444510	0.338632	0.000000 
1739	0.430617	0.345954	0.000000 
1740	0.256560	0.705501	0.000000 
1741	0.252000	0.720000	0.000000 
1742	0.270000	0.720000	0.000000 
1743	0.261119	0.691001	0.000000 
1744	0.265679	0.676502	0.000000 
1745	0.277595	0.691062	0.000000 
1746	0.270238	0.662002	0.000000 
1747	0.274798	0.647503	0.000000 
1748	0.285191	0.662123	0.000000 
1749	0.279358	0.633003	0.000000 
1750	0.283917	0.618504	0.000000 
1751	0.292786	0.633185	0.000000 
1752	0.288477	0.604004	0.000000 
1753	0.293036	0.589505	0.000000 
1754	0.300381	0.604247	0.000000 
1755	0.297596	0.575005	0.000000 
1756	0.302156	0.560506	0.000000 
1757	0.307977	0.575308	0.000000 
1758	0.306715	0.546006	0.000000 
1759	0.311275	0.531507	0.000000 
1760	0.315572	0.546370	0.000000 
1761	0.315834	0.517007	0.000000 
1762	0.320394	0.502508	0.000000 
1763	0.323167	0.517432	0.000000 
1764	0.338632	0.444510	0.000000 
1765	0.343192	0.430011	0.000000 
1766	0.345953	0.430617	0.000000 
1767	0.324954	0.488009	0.000000 
1768	0.334073	0.459010	0.000000 
1769	0.338358	0.459555	0.000000 
1770	0.329513	0.473509	0.000000 
1771	0.330763	0.488493	0.000000 
1772	0.705556	0.291037	0.000000 
1773	0.720000	0.288000	0.000000 
1774	0.720000	0.306000	0.000000 
1775	0.691111	0.294074	0.000000 
1776	0.676667	0.297111	0.000000 
1777	0.691150	0.310554	0.000000 
1778	0.662223	0.300147	0.000000 
1779	0.647778	0.303184	0.000000 
1780	0.662300	0.315107	0.000000 
1781	0.633334	0.306221	0.000000 
1782	0.618890	0.309258	0.000000 
1783	0.633450	0.319661	0.000000 
1784	0.604445	0.312295	0.000000 
1785	0.590001	0.315332	0.000000 
1786	0.604600	0.324215	0.000000 
1787	0.575557	0.318368	0.000000 
1788	0.561112	0.321405	0.000000 
1789	0.575750	0.328769	0.000000 
1790	0.546668	0.324442	0.000000 
1791	0.532224	0.327479	0.000000 
1792	0.546901	0.333322	0.000000 
1793	0.517780	0.330516	0.000000 
1794	0.503335	0.333553	0.000000 
1795	0.518051	0.337876	0.000000 
1796	0.488891	0.336589	0.000000 
1797	0.474447	0.339626	0.000000 
1798	0.489201	0.342430	0.000000 
1799	0.460002	0.342663	0.000000 
1800	0.431114	0.348737	0.000000 
1801	0.460351	0.346984	0.000000 
1802	0.445558	0.345700	0.000000 
1803	0.431501	0.351537	0.000000 
1804	0.291037	0.705556	0.000000 
1805	0.288000	0.720000	0.000000 
1806	0.306000	0.720000	0.000000 
1807	0.294074	0.691111	0.000000 
1808	0.297111	0.676667	0.000000 
1809	0.310554	0.691150	0.000000 
1810	0.300147	0.662223	0.000000 
1811	0.303184	0.647778	0.000000 
1812	0.315107	0.662300	0.000000 
1813	0.306221	0.633334	0.000000 
1814	0.309258	0.618890	0.000000 
1815	0.319661	0.633450	0.000000 
1816	0.312295	0.604445	0.000000 
1817	0.315332	0.590001	0.000000 
1818	0.324215	0.604600	0.000000 
1819	0.318368	0.575557	0.000000 
1820	0.321405	0.561112	0.000000 
1821	0.328769	0.575750	0.000000 
1822	0.324442	0.546668	0.000000 
1823	0.327479	0.532224	0.000000 
1824	0.333322	0.546901	0.000000 
1825	0.330516	0.517780	0.000000 
1826	0.333553	0.503335	0.000000 
1827	0.337876	0.518051	0.000000 
1828	0.345700	0.445558	0.000000 
1829	0.348737	0.431114	0.000000 
1830	0.351537	0.431501	0.000000 
1831	0.336589	0.488891	0.000000 
1832	0.342663	0.460002	0.000000 
1833	0.346984	0.460351	0.000000 
1834	0.339626	0.474447	0.000000 
1835	0.342430	0.489201	0.000000 
1836	0.720000	0.324000	0.000000 
1837	0.705589	0.325518	0.000000 
1838	0.720000	0.342000	0.000000 
1839	0.691178	0.327035	0.000000 
1840	0.676767	0.328553	0.000000 
1841	0.691194	0.343517	0.000000 
1842	0.662356	0.330070	0.000000 
1843	0.647945	0.331588	0.000000 
1844	0.662389	0.345035	0.000000 
1845	0.633533	0.333105	0.000000 
1846	0.619122	0.334623	0.000000 
1847	0.633583	0.346552	0.000000 
1848	0.604711	0.336140	0.000000 
1849	0.590300	0.337658	0.000000 
1850	0.604778	0.348069	0.000000 
1851	0.575889	0.339175	0.000000 
1852	0.561478	0.340693	0.000000 
1853	0.575972	0.349587	0.000000 
1854	0.547067	0.342211	0.000000 
1855	0.532656	0.343728	0.000000 
1856	0.547167	0.351104	0.000000 
1857	0.518245	0.345246	0.000000 
1858	0.503834	0.346763	0.000000 
1859	0.518361	0.352621	0.000000 
1860	0.489422	0.348281	0.000000 
1861	0.475011	0.349798	0.000000 
1862	0.489556	0.354139	0.000000 
1863	0.460600	0.351316	0.000000 
1864	0.431778	0.354351	0.000000 
1865	0.460750	0.355656	0.000000 
1866	0.446189	0.352833	0.000000 
1867	0.431945	0.357173	0.000000 
1868	0.325518	0.705589	0.000000 
1869	0.324000	0.720000	0.000000 
1870	0.342000	0.720000	0.000000 
1871	0.327035	0.691178	0.000000 
1872	0.328553	0.676767	0.000000 
1873	0.343517	0.691194	0.000000 
1874	0.330070	0.662356	0.000000 
1875	0.331588	0.647945	0.000000 
1876	0.345035	0.662389	0.000000 
1877	0.333105	0.633533	0.000000 
1878	0.334623	0.619122	0.000000 
1879	0.346552	0.633583	0.000000 
1880	0.336140	0.604711	0.000000 
1881	0.337658	0.590300	0.000000 
1882	0.348069	0.604778	0.000000 
1883	0.339175	0.575889	0.000000 
1884	0.340693	0.561478	0.000000 
1885	0.349587	0.575972	0.000000 
1886	0.342211	0.547067	0.000000 
1887	0.343728	0.532656	0.000000 
1888	0.351104	0.547167	0.000000 
1889	0.345246	0.518245	0.000000 
1890	0.346763	0.503834	0.000000 
1891	0.352621	0.518361	0.000000 
1892	0.352833	0.446189	0.000000 
1893	0.354351	0.431778	0.000000 
1894	0.357173	0.431945	0.000000 
1895	0.348281	0.489422	0.000000 
1896	0.351316	0.460600	0.000000 
1897	0.355656	0.460750	0.000000 
1898	0.349798	0.475011	0.000000 
1899	0.354139	0.489556	0.000000 
1900	0.705600	0.360000	0.000000 
1901	0.720000	0.360000	0.000000 
1902	0.720000	0.378000	0.000000 
1903	0.691200	0.360000	0.000000 
1904	0.676800	0.360000	0.000000 
1905	0.691194	0.376483	0.000000 
1906	0.662400	0.360000	0.000000 
1907	0.648000	0.360000	0.000000 
1908	0.662389	0.374965	0.000000 
1909	0.633600	0.360000	0.000000 
1910	0.619200	0.360000	0.000000 
1911	0.633583	0.373448	0.000000 
1912	0.604800	0.360000	0.000000 
1913	0.590400	0.360000	0.000000 
1914	0.604778	0.371931	0.000000 
1915	0.576000	0.360000	0.000000 
1916	0.561600	0.360000	0.000000 
1917	0.575972	0.370413	0.000000 
1918	0.547200	0.360000	0.000000 
1919	0.532800	0.360000	0.000000 
1920	0.547167	0.368896	0.000000 
1921	0.518400	0.360000	0.000000 
1922	0.504000	0.360000	0.000000 
1923	0.518361	0.367379	0.000000 
1924	0.489600	0.360000	0.000000 
1925	0.475200	0.360000	0.000000 
1926	0.489556	0.365861	0.000000 
1927	0.460800	0.360000	0.000000 
1928	0.446400	0.360000	0.000000 
1929	0.432000	0.360000	0.000000 
1930	0.460750	0.364344	0.000000 
1931	0.431945	0.362827	0.000000 
1932	0.360000	0.705600	0.000000 
1933	0.360000	0.720000	0.000000 
1934	0.378000	0.720000	0.000000 
1935	0.360000	0.691200	0.000000 
1936	0.376483	0.691194	0.000000 
1937	0.360000	0.676800	0.000000 
1938	0.360000	0.662400	0.000000 
1939	0.374965	0.662389	0.000000 
1940	0.360000	0.648000	0.000000 
1941	0.360000	0.633600	0.000000 
1942	0.373448	0.633583	0.000000 
1943	0.360000	0.619200	0.000000 
1944	0.360000	0.604800	0.000000 
1945	0.371931	0.604778	0.000000 
1946	0.360000	0.590400	0.000000 
1947	0.360000	0.576000	0.000000 
1948	0.370413	0.575972	0.000000 
1949	0.360000	0.561600	0.000000 
1950	0.360000	0.547200	0.000000 
1951	0.368896	0.547167	0.000000 
1952	0.360000	0.532800	0.000000 
1953	0.360000	0.518400	0.000000 
1954	0.367379	0.518361	0.000000 
1955	0.360000	0.504000	0.000000 
1956	0.360000	0.446400	0.000000 
1957	0.360000	0.432000	0.000000 
1958	0.362827	0.431945	0.000000 
1959	0.360000	0.489600	0.000000 
1960	0.360000	0.460800	0.000000 
1961	0.364344	0.460750	0.000000 
1962	0.360000	0.475200	0.000000 
1963	0.365861	0.489556	0.000000 
1964	0.705589	0.394482	0.000000 
1965	0.720000	0.396000	0.000000 
1966	0.720000	0.414000	0.000000 
1967	0.691178	0.392965	0.000000 
1968	0.676767	0.391447	0.000000 
1969	0.691150	0.409446	0.000000 
1970	0.662356	0.389930	0.000000 
1971	0.647945	0.388412	0.000000 
1972	0.662300	0.404893	0.000000 
1973	0.633533	0.386895	0.000000 
1974	0.619122	0.385377	0.000000 
1975	0.633450	0.400339	0.000000 
1976	0.604711	0.383860	0.000000 
1977	0.590300	0.382342	0.000000 
1978	0.604600	0.395785	0.000000 
1979	0.575889	0.380825	0.000000 
1980	0.561478	0.379307	0.000000 
1981	0.575750	0.391231	0.000000 
1982	0.547067	0.377789	0.000000 
1983	0.532656	0.376272	0.000000 
1984	0.546901	0.386678	0.000000 
1985	0.518245	0.374754	0.000000 
1986	0.503834	0.373237	0.000000 
1987	0.518051	0.382124	0.000000 
1988	0.489422	0.371719	0.000000 
1989	0.475011	0.370202	0.000000 
1990	0.489201	0.377570	0.000000 
1991	0.460600	0.368684	0.000000 
1992	0.460351	0.373016	0.000000 
1993	0.431778	0.365649	0.000000 
1994	0.446189	0.367167	0.000000 
1995	0.431501	0.368463	0.000000 
1996	0.394482	0.705589	0.000000 
1997	0.396000	0.720000	0.000000 
1998	0.414000	0.720000	0.000000 
1999	0.705556	0.428963	0.000000 
2000	0.720000	0.432000	0.000000 
2001	0.720000	0.450000	0.000000 
2002	0.392965	0.691178	0.000000 
2003	0.409446	0.691150	0.000000 
2004	0.391447	0.676767	0.000000 
2005	0.389930	0.662356	0.000000 
2006	0.404893	0.662300	0.000000 
2007	0.388412	0.647945	0.000000 
2008	0.386895	0.633533	0.000000 
2009	0.400339	0.633450	0.000000 
2010	0.385377	0.619122	0.000000 
2011	0.383860	0.604711	0.000000 
2012	0.395785	0.604600	0.000000 
2013	0.382342	0.590300	0.000000 
2014	0.380825	0.575889	0.000000 
2015	0.391231	0.575750	0.000000 
2016	0.379307	0.561478	0.000000 
2017	0.377789	0.547067	0.000000 
2018	0.386678	0.546901	0.000000 
2019	0.376272	0.532656	0.000000 
2020	0.374754	0.518245	0.000000 
2021	0.382124	0.518051	0.000000 
2022	0.373237	0.503834	0.000000 
2023	0.367167	0.446189	0.000000 
2024	0.365649	0.431778	0.000000 
2025	0.368463	0.431501	0.000000 
2026	0.371719	0.489422	0.000000 
2027	0.368684	0.460600	0.000000 
2028	0.373016	0.460351	0.000000 
2029	0.370202	0.475011	0.000000 
2030	0.377570	0.489201	0.000000 
2031	0.691111	0.425926	0.000000 
2032	0.676667	0.422889	0.000000 
2033	0.691062	0.442405	0.000000 
2034	0.705501	0.463440	0.000000 
2035	0.720000	0.468000	0.000000 
2036	0.720000	0.486000	0.000000 
2037	0.428963	0.705556	0.000000 
2038	0.432000	0.720000	0.000000 
2039	0.450000	0.720000	0.000000 
2040	0.705424	0.497912	0.000000 
2041	0.720000	0.504000	0.000000 
2042	0.720000	0.522000	0.000000 
2043	0.463440	0.705501	0.000000 
2044	0.468000	0.720000	0.000000 
2045	0.486000	0.720000	0.000000 
2046	0.705326	0.532378	0.000000 
2047	0.720000	0.540000	0.000000 
2048	0.720000	0.558000	0.000000 
2049	0.497912	0.705424	0.000000 
2050	0.504000	0.720000	0.000000 
2051	0.522000	0.720000	0.000000 
2052	0.705208	0.566834	0.000000 
2053	0.720000	0.576000	0.000000 
2054	0.720000	0.594000	0.000000 
2055	0.532378	0.705326	0.000000 
2056	0.540000	0.720000	0.000000 
2057	0.558000	0.720000	0.000000 
2058	0.705070	0.601281	0.000000 
2059	0.720000	0.612000	0.000000 
2060	0.720000	0.630000	0.000000 
2061	0.566834	0.705208	0.000000 
2062	0.576000	0.720000	0.000000 
2063	0.594000	0.720000	0.000000 
2064	0.704912	0.635716	0.000000 
2065	0.720000	0.648000	0.000000 
2066	0.720000	0.666000	0.000000 
2067	0.601281	0.705070	0.000000 
2068	0.612000	0.720000	0.000000 
2069	0.630000	0.720000	0.000000 
2070	0.704737	0.670138	0.000000 
2071	0.720000	0.684000	0.000000 
2072	0.720000	0.702000	0.000000 
2073	0.635716	0.704912	0.000000 
2074	0.648000	0.720000	0.000000 
2075	0.666000	0.720000	0.000000 
2076	0.684000	0.720000	0.000000 
2077	0.704546	0.704546	0.000000 
2078	0.670138	0.704737	0.000000 
2079	0.720000	0.720000	0.000000 
2080	0.702000	0.720000	0.000000 
2081	0.662223	0.419853	0.000000 
2082	0.647778	0.416816	0.000000 
2083	0.662123	0.434809	0.000000 
2084	0.633334	0.413779	0.000000 
2085	0.618890	0.410742	0.000000 
2086	0.633185	0.427214	0.000000 
2087	0.604445	0.407705	0.000000 
2088	0.590001	0.404668	0.000000 
2089	0.604247	0.419619	0.000000 
2090	0.575557	0.401632	0.000000 
2091	0.561112	0.398595	0.000000 
2092	0.575308	0.412023	0.000000 
2093	0.546668	0.395558	0.000000 
2094	0.532224	0.392521	0.000000 
2095	0.546370	0.404428	0.000000 
2096	0.517780	0.389484	0.000000 
2097	0.503335	0.386447	0.000000 
2098	0.517432	0.396833	0.000000 
2099	0.488891	0.383411	0.000000 
2100	0.488493	0.389237	0.000000 
2101	0.474447	0.380374	0.000000 
2102	0.460002	0.377337	0.000000 
2103	0.445558	0.374300	0.000000 
2104	0.431114	0.371263	0.000000 
2105	0.459555	0.381642	0.000000 
2106	0.430617	0.374047	0.000000 
2107	0.425926	0.691111	0.000000 
2108	0.442405	0.691062	0.000000 
2109	0.422889	0.676667	0.000000 
2110	0.691001	0.458881	0.000000 
2111	0.676502	0.454321	0.000000 
2112	0.690930	0.475354	0.000000 
2113	0.419853	0.662223	0.000000 
2114	0.434809	0.662123	0.000000 
2115	0.416816	0.647778	0.000000 
2116	0.413779	0.633334	0.000000 
2117	0.427214	0.633185	0.000000 
2118	0.410742	0.618890	0.000000 
2119	0.407705	0.604445	0.000000 
2120	0.419619	0.604247	0.000000 
2121	0.404668	0.590001	0.000000 
2122	0.401632	0.575557	0.000000 
2123	0.412023	0.575308	0.000000 
2124	0.398595	0.561112	0.000000 
2125	0.395558	0.546668	0.000000 
2126	0.404428	0.546370	0.000000 
2127	0.392521	0.532224	0.000000 
2128	0.389484	0.517780	0.000000 
2129	0.396833	0.517432	0.000000 
2130	0.386447	0.503335	0.000000 
2131	0.374300	0.445558	0.000000 
2132	0.371263	0.431114	0.000000 
2133	0.374047	0.430617	0.000000 
2134	0.383411	0.488891	0.000000 
2135	0.377337	0.460002	0.000000 
2136	0.381642	0.459555	0.000000 
2137	0.380374	0.474447	0.000000 
2138	0.389237	0.488493	0.000000 
2139	0.662002	0.449762	0.000000 
2140	0.647503	0.445202	0.000000 
2141	0.661859	0.464709	0.000000 
2142	0.690848	0.491825	0.000000 
2143	0.676271	0.485737	0.000000 
2144	0.690755	0.508292	0.000000 
2145	0.458881	0.691001	0.000000 
2146	0.475354	0.690930	0.000000 
2147	0.454321	0.676502	0.000000 
2148	0.690652	0.524755	0.000000 
2149	0.675978	0.517133	0.000000 
2150	0.690539	0.541214	0.000000 
2151	0.491825	0.690848	0.000000 
2152	0.508292	0.690755	0.000000 
2153	0.485737	0.676271	0.000000 
2154	0.690415	0.557669	0.000000 
2155	0.675623	0.548503	0.000000 
2156	0.690282	0.574118	0.000000 
2157	0.524755	0.690652	0.000000 
2158	0.541214	0.690539	0.000000 
2159	0.517133	0.675978	0.000000 
2160	0.690139	0.590562	0.000000 
2161	0.675209	0.579843	0.000000 
2162	0.689987	0.607000	0.000000 
2163	0.557669	0.690415	0.000000 
2164	0.574118	0.690282	0.000000 
2165	0.548503	0.675623	0.000000 
2166	0.689825	0.623432	0.000000 
2167	0.674737	0.611148	0.000000 
2168	0.689654	0.639857	0.000000 
2169	0.590562	0.690139	0.000000 
2170	0.607000	0.689987	0.000000 
2171	0.579843	0.675209	0.000000 
2172	0.689475	0.656276	0.000000 
2173	0.689287	0.672687	0.000000 
2174	0.674212	0.642414	0.000000 
2175	0.623432	0.689825	0.000000 
2176	0.639857	0.689654	0.000000 
2177	0.611148	0.674737	0.000000 
2178	0.689091	0.689091	0.000000 
2179	0.656276	0.689475	0.000000 
2180	0.642414	0.674212	0.000000 
2181	0.673637	0.673637	0.000000 
2182	0.672687	0.689287	0.000000 
2183	0.633003	0.440642	0.000000 
2184	0.618504	0.436083	0.000000 
2185	0.632789	0.454063	0.000000 
2186	0.604004	0.431523	0.000000 
2187	0.589505	0.426964	0.000000 
2188	0.603719	0.443417	0.000000 
2189	0.575005	0.422404	0.000000 
2190	0.560506	0.417844	0.000000 
2191	0.574648	0.432772	0.000000 
2192	0.546006	0.413285	0.000000 
2193	0.531507	0.408725	0.000000 
2194	0.545578	0.422126	0.000000 
2195	0.517007	0.404166	0.000000 
2196	0.516508	0.411481	0.000000 
2197	0.502508	0.399606	0.000000 
2198	0.488009	0.395046	0.000000 
2199	0.487437	0.400835	0.000000 
2200	0.473509	0.390487	0.000000 
2201	0.459010	0.385927	0.000000 
2202	0.458367	0.390189	0.000000 
2203	0.430011	0.376808	0.000000 
2204	0.444510	0.381368	0.000000 
2205	0.429297	0.379544	0.000000 
2206	0.449762	0.662002	0.000000 
2207	0.464709	0.661859	0.000000 
2208	0.445202	0.647503	0.000000 
2209	0.661695	0.479650	0.000000 
2210	0.647119	0.473562	0.000000 
2211	0.661510	0.494584	0.000000 
2212	0.440642	0.633003	0.000000 
2213	0.454063	0.632789	0.000000 
2214	0.436083	0.618504	0.000000 
2215	0.431523	0.604004	0.000000 
2216	0.443417	0.603719	0.000000 
2217	0.426964	0.589505	0.000000 
2218	0.422404	0.575005	0.000000 
2219	0.432772	0.574648	0.000000 
2220	0.417844	0.560506	0.000000 
2221	0.413285	0.546006	0.000000 
2222	0.422126	0.545578	0.000000 
2223	0.408725	0.531507	0.000000 
2224	0.404166	0.517007	0.000000 
2225	0.411481	0.516508	0.000000 
2226	0.399606	0.502508	0.000000 
2227	0.381368	0.444510	0.000000 
2228	0.376808	0.430011	0.000000 
2229	0.379544	0.429297	0.000000 
2230	0.395046	0.488009	0.000000 
2231	0.385927	0.459010	0.000000 
2232	0.390189	0.458367	0.000000 
2233	0.390487	0.473509	0.000000 
2234	0.400835	0.487437	0.000000 
2235	0.632543	0.467475	0.000000 
2236	0.617967	0.461387	0.000000 
2237	0.632265	0.480876	0.000000 
2238	0.661304	0.509511	0.000000 
2239	0.646630	0.501888	0.000000 
2240	0.661077	0.524429	0.000000 
2241	0.479650	0.661695	0.000000 
2242	0.494584	0.661510	0.000000 
2243	0.473562	0.647119	0.000000 
2244	0.660831	0.539337	0.000000 
2245	0.646038	0.530172	0.000000 
2246	0.660564	0.554236	0.000000 
2247	0.509511	0.661304	0.000000 
2248	0.524429	0.661077	0.000000 
2249	0.501888	0.646630	0.000000 
2250	0.660278	0.569124	0.000000 
2251	0.645348	0.558405	0.000000 
2252	0.659973	0.584000	0.000000 
2253	0.539337	0.660831	0.000000 
2254	0.554236	0.660564	0.000000 
2255	0.530172	0.646038	0.000000 
2256	0.659650	0.598864	0.000000 
2257	0.659309	0.613715	0.000000 
2258	0.644562	0.586580	0.000000 
2259	0.569124	0.660278	0.000000 
2260	0.584000	0.659973	0.000000 
2261	0.558405	0.645348	0.000000 
2262	0.658950	0.628552	0.000000 
2263	0.658574	0.643375	0.000000 
2264	0.643687	0.614690	0.000000 
2265	0.598864	0.659650	0.000000 
2266	0.613715	0.659309	0.000000 
2267	0.586580	0.644562	0.000000 
2268	0.658182	0.658182	0.000000 
2269	0.628552	0.658950	0.000000 
2270	0.614690	0.643687	0.000000 
2271	0.642728	0.642728	0.000000 
2272	0.643375	0.658574	0.000000 
2273	0.603390	0.455300	0.000000 
2274	0.588814	0.449212	0.000000 
2275	0.603020	0.467168	0.000000 
2276	0.574238	0.443125	0.000000 
2277	0.559662	0.437037	0.000000 
2278	0.573775	0.453460	0.000000 
2279	0.545086	0.430950	0.000000 
2280	0.544530	0.439752	0.000000 
2281	0.530509	0.424862	0.000000 
2282	0.515933	0.418774	0.000000 
2283	0.515285	0.426044	0.000000 
2284	0.501357	0.412687	0.000000 
2285	0.486781	0.406599	0.000000 
2286	0.486040	0.412336	0.000000 
2287	0.472205	0.400512	0.000000 
2288	0.457628	0.394424	0.000000 
2289	0.443052	0.388337	0.000000 
2290	0.428476	0.382249	0.000000 
2291	0.456795	0.398628	0.000000 
2292	0.427550	0.384920	0.000000 
2293	0.467475	0.632543	0.000000 
2294	0.480876	0.632265	0.000000 
2295	0.461387	0.617967	0.000000 
2296	0.631956	0.494266	0.000000 
2297	0.617282	0.486644	0.000000 
2298	0.631616	0.507643	0.000000 
2299	0.455300	0.603390	0.000000 
2300	0.467168	0.603020	0.000000 
2301	0.449212	0.588814	0.000000 
2302	0.443125	0.574238	0.000000 
2303	0.453460	0.573775	0.000000 
2304	0.437037	0.559662	0.000000 
2305	0.430950	0.545086	0.000000 
2306	0.439752	0.544530	0.000000 
2307	0.424862	0.530509	0.000000 
2308	0.418774	0.515933	0.000000 
2309	0.426044	0.515285	0.000000 
2310	0.412687	0.501357	0.000000 
2311	0.388337	0.443052	0.000000 
2312	0.382249	0.428476	0.000000 
2313	0.384920	0.427550	0.000000 
2314	0.406599	0.486781	0.000000 
2315	0.394424	0.457628	0.000000 
2316	0.398628	0.456795	0.000000 
2317	0.400512	0.472205	0.000000 
2318	0.412336	0.486040	0.000000 
2319	0.602608	0.479021	0.000000 
2320	0.587934	0.471399	0.000000 
2321	0.602155	0.490857	0.000000 
2322	0.631246	0.521006	0.000000 
2323	0.616453	0.511841	0.000000 
2324	0.630846	0.534354	0.000000 
2325	0.494266	0.631956	0.000000 
2326	0.507643	0.631616	0.000000 
2327	0.486644	0.617282	0.000000 
2328	0.630417	0.547686	0.000000 
2329	0.629960	0.561000	0.000000 
2330	0.615487	0.536967	0.000000 
2331	0.521006	0.631246	0.000000 
2332	0.534354	0.630846	0.000000 
2333	0.511841	0.616453	0.000000 
2334	0.629475	0.574296	0.000000 
2335	0.628963	0.587572	0.000000 
2336	0.614387	0.562012	0.000000 
2337	0.547686	0.630417	0.000000 
2338	0.561000	0.629960	0.000000 
2339	0.536967	0.615487	0.000000 
2340	0.628425	0.600828	0.000000 
2341	0.627861	0.614062	0.000000 
2342	0.613162	0.586966	0.000000 
2343	0.574296	0.629475	0.000000 
2344	0.587572	0.628963	0.000000 
2345	0.562012	0.614387	0.000000 
2346	0.627274	0.627274	0.000000 
2347	0.600828	0.628425	0.000000 
2348	0.586966	0.613162	0.000000 
2349	0.611819	0.611819	0.000000 
2350	0.614062	0.627861	0.000000 
2351	0.573260	0.463777	0.000000 
2352	0.572693	0.474072	0.000000 
2353	0.558586	0.456154	0.000000 
2354	0.543912	0.448532	0.000000 
2355	0.543232	0.457286	0.000000 
2356	0.529238	0.440910	0.000000 
2357	0.514564	0.433287	0.000000 
2358	0.513770	0.440500	0.000000 
2359	0.499890	0.425665	0.000000 
2360	0.485215	0.418043	0.000000 
2361	0.484309	0.423715	0.000000 
2362	0.470541	0.410420	0.000000 
2363	0.455867	0.402798	0.000000 
2364	0.454848	0.406929	0.000000 
2365	0.426519	0.387553	0.000000 
2366	0.441193	0.395176	0.000000 
2367	0.425386	0.390144	0.000000 
2368	0.479021	0.602608	0.000000 
2369	0.490857	0.602155	0.000000 
2370	0.471399	0.587934	0.000000 
2371	0.601661	0.502675	0.000000 
2372	0.601128	0.514472	0.000000 
2373	0.586869	0.493509	0.000000 
2374	0.463777	0.573260	0.000000 
2375	0.474072	0.572693	0.000000 
2376	0.456154	0.558586	0.000000 
2377	0.448532	0.543912	0.000000 
2378	0.457286	0.543232	0.000000 
2379	0.440910	0.529238	0.000000 
2380	0.433287	0.514564	0.000000 
2381	0.440500	0.513770	0.000000 
2382	0.425665	0.499890	0.000000 
2383	0.395176	0.441193	0.000000 
2384	0.387553	0.426519	0.000000 
2385	0.390144	0.425386	0.000000 
2386	0.418043	0.485215	0.000000 
2387	0.402798	0.455867	0.000000 
2388	0.406929	0.454848	0.000000 
2389	0.410420	0.470541	0.000000 
2390	0.423715	0.484309	0.000000 
2391	0.572076	0.484344	0.000000 
2392	0.571410	0.494590	0.000000 
2393	0.557284	0.475178	0.000000 
2394	0.600556	0.526248	0.000000 
2395	0.599946	0.538000	0.000000 
2396	0.585626	0.515529	0.000000 
2397	0.502675	0.601661	0.000000 
2398	0.514472	0.601128	0.000000 
2399	0.493509	0.586869	0.000000 
2400	0.599300	0.549728	0.000000 
2401	0.598617	0.561430	0.000000 
2402	0.584212	0.537444	0.000000 
2403	0.526248	0.600556	0.000000 
2404	0.538000	0.599946	0.000000 
2405	0.515529	0.585626	0.000000 
2406	0.597900	0.573104	0.000000 
2407	0.597149	0.584749	0.000000 
2408	0.582637	0.559242	0.000000 
2409	0.549728	0.599300	0.000000 
2410	0.561430	0.598617	0.000000 
2411	0.537444	0.584212	0.000000 
2412	0.596365	0.596365	0.000000 
2413	0.573104	0.597900	0.000000 
2414	0.559242	0.582637	0.000000 
2415	0.580910	0.580910	0.000000 
2416	0.584749	0.597149	0.000000 
2417	0.542492	0.466012	0.000000 
2418	0.541692	0.474708	0.000000 
2419	0.527699	0.456847	0.000000 
2420	0.512907	0.447681	0.000000 
2421	0.511974	0.454827	0.000000 
2422	0.498114	0.438516	0.000000 
2423	0.483322	0.429350	0.000000 
2424	0.482256	0.434945	0.000000 
2425	0.468530	0.420184	0.000000 
2426	0.453737	0.411019	0.000000 
2427	0.438945	0.401853	0.000000 
2428	0.424152	0.392687	0.000000 
2429	0.452538	0.415063	0.000000 
2430	0.422820	0.395181	0.000000 
2431	0.484344	0.572076	0.000000 
2432	0.494590	0.571410	0.000000 
2433	0.475178	0.557284	0.000000 
2434	0.570695	0.504810	0.000000 
2435	0.569933	0.515001	0.000000 
2436	0.555765	0.494091	0.000000 
2437	0.466012	0.542492	0.000000 
2438	0.474708	0.541692	0.000000 
2439	0.456847	0.527699	0.000000 
2440	0.447681	0.512907	0.000000 
2441	0.454827	0.511974	0.000000 
2442	0.438515	0.498114	0.000000 
2443	0.401853	0.438945	0.000000 
2444	0.392687	0.424152	0.000000 
2445	0.395181	0.422820	0.000000 
2446	0.429350	0.483322	0.000000 
2447	0.411019	0.453737	0.000000 
2448	0.415063	0.452538	0.000000 
2449	0.420184	0.468530	0.000000 
2450	0.434945	0.482256	0.000000 
2451	0.540834	0.483372	0.000000 
2452	0.539920	0.492001	0.000000 
2453	0.525904	0.472653	0.000000 
2454	0.569125	0.525160	0.000000 
2455	0.568271	0.535287	0.000000 
2456	0.554037	0.512876	0.000000 
2457	0.504810	0.570695	0.000000 
2458	0.515001	0.569933	0.000000 
2459	0.494091	0.555765	0.000000 
2460	0.567375	0.545380	0.000000 
2461	0.566436	0.555437	0.000000 
2462	0.552112	0.531518	0.000000 
2463	0.525160	0.569125	0.000000 
2464	0.535287	0.568271	0.000000 
2465	0.512876	0.554037	0.000000 
2466	0.565456	0.565456	0.000000 
2467	0.545380	0.567375	0.000000 
2468	0.531518	0.552112	0.000000 
2469	0.550001	0.550001	0.000000 
2470	0.555437	0.566436	0.000000 
2471	0.510973	0.461934	0.000000 
2472	0.509906	0.469001	0.000000 
2473	0.496043	0.451215	0.000000 
2474	0.481112	0.440496	0.000000 
2475	0.479893	0.446001	0.000000 
2476	0.466182	0.429777	0.000000 
2477	0.451251	0.419058	0.000000 
2478	0.449879	0.423001	0.000000 
2479	0.421390	0.397620	0.000000 
2480	0.436321	0.408339	0.000000 
2481	0.419866	0.400001	0.000000 
2482	0.483372	0.540834	0.000000 
2483	0.492001	0.539920	0.000000 
2484	0.472653	0.525904	0.000000 
2485	0.538950	0.500592	0.000000 
2486	0.537926	0.509145	0.000000 
2487	0.523862	0.488308	0.000000 
2488	0.461934	0.510973	0.000000 
2489	0.469001	0.509906	0.000000 
2490	0.451215	0.496043	0.000000 
2491	0.408339	0.436321	0.000000 
2492	0.397620	0.421390	0.000000 
2493	0.400001	0.419866	0.000000 
2494	0.440496	0.481112	0.000000 
2495	0.419058	0.451251	0.000000 
2496	0.423001	0.449879	0.000000 
2497	0.429777	0.466182	0.000000 
2498	0.446001	0.479893	0.000000 
2499	0.508774	0.476024	0.000000 
2500	0.507580	0.483002	0.000000 
2501	0.493687	0.463740	0.000000 
2502	0.536850	0.517656	0.000000 
2503	0.535723	0.526124	0.000000 
2504	0.521587	0.503794	0.000000 
2505	0.500592	0.538950	0.000000 
2506	0.509145	0.537926	0.000000 
2507	0.488308	0.523862	0.000000 
2508	0.534547	0.534547	0.000000 
2509	0.517656	0.536850	0.000000 
2510	0.503794	0.521587	0.000000 
2511	0.519093	0.519093	0.000000 
2512	0.526124	0.535723	0.000000 
2513	0.478599	0.451456	0.000000 
2514	0.477234	0.456860	0.000000 
2515	0.463512	0.439172	0.000000 
2516	0.448424	0.426888	0.000000 
2517	0.433337	0.414605	0.000000 
2518	0.418249	0.402321	0.000000 
2519	0.446889	0.430717	0.000000 
2520	0.416543	0.404575	0.000000 
2521	0.476024	0.508774	0.000000 
2522	0.483002	0.507580	0.000000 
2523	0.463740	0.493687	0.000000 
2524	0.506324	0.489932	0.000000 
2525	0.505010	0.496812	0.000000 
2526	0.491062	0.476070	0.000000 
2527	0.414605	0.433337	0.000000 
2528	0.402321	0.418249	0.000000 
2529	0.404575	0.416543	0.000000 
2530	0.451456	0.478599	0.000000 
2531	0.426888	0.448424	0.000000 
2532	0.430717	0.446889	0.000000 
2533	0.439172	0.463512	0.000000 
2534	0.456860	0.477234	0.000000 
2535	0.475799	0.462208	0.000000 
2536	0.460537	0.448346	0.000000 
2537	0.474297	0.467499	0.000000 
2538	0.503638	0.503638	0.000000 
2539	0.489932	0.506324	0.000000 
2540	0.476070	0.491062	0.000000 
2541	0.488184	0.488184	0.000000 
2542	0.496812	0.505010	0.000000 
2543	0.445274	0.434484	0.000000 
2544	0.414749	0.406760	0.000000 
2545	0.430012	0.420622	0.000000 
2546	0.443584	0.438186	0.000000 
2547	0.412871	0.408874	0.000000 
2548	0.462208	0.475799	0.000000 
2549	0.472729	0.472729	0.000000 
2550	0.441821	0.441821	0.000000 
2551	0.434484	0.445274	0.000000 
2552	0.406760	0.414749	0.000000 
2553	0.420622	0.430012	0.000000 
2554	0.410912	0.410912	0.000000 
2555	0.448346	0.460537	0.000000 
2556	0.457275	0.457275	0.000000 
2557	0.467499	0.474297	0.000000 
2558	0.426366	0.426366	0.000000 
2559	0.408874	0.412871	0.000000 
2560	0.438186	0.443584	0.000000 
 
%NODE.SUPPORT 
160 
12	1	1	1	1	1	0
782	0	0	1	1	1	0
1326	0	0	1	1	1	0
462	0	0	1	1	1	0
974	0	0	1	1	1	0
2048	0	0	1	1	1	0
2065	0	0	1	1	1	0
1325	0	0	1	1	1	0
396	0	0	1	1	1	0
1166	0	0	1	1	1	0
1646	0	0	1	1	1	0
2047	0	0	1	1	1	0
844	0	0	1	1	1	0
78	0	0	1	1	1	0
460	0	0	1	1	1	0
1838	0	0	1	1	1	0
1038	0	0	1	1	1	0
526	0	0	1	1	1	0
1390	0	0	1	1	1	0
1645	0	0	1	1	1	0
908	0	0	1	1	1	0
14	0	0	1	1	1	0
1230	0	0	1	1	1	0
2041	0	0	1	1	1	0
1262	0	0	1	1	1	0
2060	0	0	1	1	1	0
1389	0	0	1	1	1	0
654	0	0	1	1	1	0
76	0	0	1	1	1	0
2059	0	0	1	1	1	0
1836	0	0	1	1	1	0
1036	0	0	1	1	1	0
1966	0	0	1	1	1	0
1102	0	0	1	1	1	0
718	0	0	1	1	1	0
1518	0	0	1	1	1	0
588	0	0	1	1	1	0
972	0	0	1	1	1	0
1710	0	0	1	1	1	0
524	0	0	1	1	1	0
1902	0	0	1	1	1	0
590	0	0	1	1	1	0
204	0	0	1	1	1	0
142	0	0	1	1	1	0
1517	0	0	1	1	1	0
268	0	0	1	1	1	0
1709	0	0	1	1	1	0
206	0	0	1	1	1	0
334	0	0	1	1	1	0
270	0	0	1	1	1	0
1581	0	0	1	1	1	0
1100	0	0	1	1	1	0
2054	0	0	1	1	1	0
716	0	0	1	1	1	0
2036	0	0	1	1	1	0
2072	0	0	1	1	1	0
1454	0	0	1	1	1	0
910	0	0	1	1	1	0
2001	0	0	1	1	1	0
2042	0	0	1	1	1	0
2053	0	0	1	1	1	0
2035	0	0	1	1	1	0
1774	0	0	1	1	1	0
140	0	0	1	1	1	0
1229	0	0	1	1	1	0
2071	0	0	1	1	1	0
1582	0	0	1	1	1	0
1965	0	0	1	1	1	0
1453	0	0	1	1	1	0
2000	0	0	1	1	1	0
332	0	0	1	1	1	0
846	0	0	1	1	1	0
398	0	0	1	1	1	0
1773	0	0	1	1	1	0
780	0	0	1	1	1	0
1164	0	0	1	1	1	0
2066	0	0	1	1	1	0
621	0	0	1	1	1	0
1933	0	0	1	1	1	0
2051	0	0	1	1	1	0
1198	0	0	1	1	1	0
2044	0	0	1	1	1	0
2068	0	0	1	1	1	0
1196	0	0	1	1	1	0
942	0	0	1	1	1	0
1358	0	0	1	1	1	0
813	0	0	1	1	1	0
1294	0	0	1	1	1	0
428	0	0	1	1	1	0
1133	0	0	1	1	1	0
2080	0	0	1	1	1	0
1869	0	0	1	1	1	0
110	0	0	1	1	1	0
1357	0	0	1	1	1	0
1678	0	0	1	1	1	0
1293	0	0	1	1	1	0
1742	0	0	1	1	1	0
1997	0	0	1	1	1	0
941	0	0	1	1	1	0
2079	0	0	1	1	1	0
46	0	0	1	1	1	0
1006	0	0	1	1	1	0
2063	0	0	1	1	1	0
492	0	0	1	1	1	0
1005	0	0	1	1	1	0
1805	0	0	1	1	1	0
1870	0	0	1	1	1	0
1613	0	0	1	1	1	0
2062	0	0	1	1	1	0
2075	0	0	1	1	1	0
558	0	0	1	1	1	0
44	0	0	1	1	1	0
1070	0	0	1	1	1	0
1998	0	0	1	1	1	0
1421	0	0	1	1	1	0
1486	0	0	1	1	1	0
238	0	0	1	1	1	0
2074	0	0	1	1	1	0
557	0	0	1	1	1	0
2039	0	0	1	1	1	0
622	0	0	1	1	1	0
686	0	0	1	1	1	0
2076	0	0	1	1	1	0
1069	0	0	1	1	1	0
1677	0	0	1	1	1	0
1485	0	0	1	1	1	0
2038	0	0	1	1	1	0
1741	0	0	1	1	1	0
174	0	0	1	1	1	0
750	0	0	1	1	1	0
2057	0	0	1	1	1	0
685	0	0	1	1	1	0
302	0	0	1	1	1	0
1549	0	0	1	1	1	0
1934	0	0	1	1	1	0
108	0	0	1	1	1	0
236	0	0	1	1	1	0
1422	0	0	1	1	1	0
494	0	0	1	1	1	0
2056	0	0	1	1	1	0
1134	0	0	1	1	1	0
2045	0	0	1	1	1	0
878	0	0	1	1	1	0
749	0	0	1	1	1	0
172	0	0	1	1	1	0
364	0	0	1	1	1	0
2050	0	0	1	1	1	0
430	0	0	1	1	1	0
300	0	0	1	1	1	0
366	0	0	1	1	1	0
1614	0	0	1	1	1	0
877	0	0	1	1	1	0
2069	0	0	1	1	1	0
1806	0	0	1	1	1	0
1550	0	0	1	1	1	0
1	0	0	1	1	1	0
814	0	0	1	1	1	0
652	0	0	1	1	1	0
1901	0	0	1	1	1	0
1261	0	1	1	1	1	0
 
%SECTION
1

%MATERIAL
1

%MATERIAL.FGM
1
1          201.04e9   0.3  8166.0  348.43e9  0.3  2370.0   2 

%SECTION
1

