%HEADER
Shallow cylindrical shell with point load.
----------------------------------------------------------------------------
Reference solution:
Limit load  = 586.3
Assoc. disp = 12.9 
----------------------------------------------------------------------------
Expected solution (cylindrical arc-length - step 32):
Limit load  = 587.71
Assoc. disp = 12.923 (node 232)
----------------------------------------------------------------------------
Ref:
Sze, K. Y.; Liu, X. H.; Lo, S. H. (2004) "Popular benchmark problems for 
geometric nonlinear analysis of shells. Finite Element in Analysis and 
Design, v. 40, n. 11, p. 1551–1569.
----------------------------------------------------------------------------

%HEADER.ANALYSIS.ALGORITHM
'snr'
'clal'
'uoal'

%%HEADER.ANALYSIS.CRITICAL.POINT
1      0       0

%HEADER.ANALYSIS.MAXIMUM.STEPS
6

%HEADER.ANALYSIS.STEP.FACTOR
1.0

%HEADER.ANALYSIS.MAXIMUM.ITERATIONS
40

%HEADER.ANALYSIS.TARGET.ITERATIONS
4

%HEADER.ANALYSIS.TOLERANCE
1.0e-06

%NODE
361

%NODE.COORD
361
1	0	0	0
2	0.010515118	0	0.001055032
3	0.031564273	0	0.003034402
4	0.063183726	0	0.005609895
5	0.094847723	0	0.007791202
6	0.126548893	0	0.009577303
7	0.158279837	0	0.010967363
8	0.190033132	0	0.011960728
9	0.221801337	0	0.012556934
10	0.253577	0	0.0127557
11	0.285352663	0	0.012556934
12	0.317120868	0	0.011960728
13	0.348874163	0	0.010967363
14	0.380605107	0	0.009577303
15	0.412306277	0	0.007791202
16	0.443970274	0	0.005609895
17	0.475589727	0	0.003034402
18	0.496638882	0	0.001055032
19	0.507154	0	0
20	0	0.010583333	0
21	0.010515118	0.010583333	0.001055032
22	0.031564273	0.010583333	0.003034402
23	0.063183726	0.010583333	0.005609895
24	0.094847723	0.010583333	0.007791202
25	0.126548893	0.010583333	0.009577303
26	0.158279837	0.010583333	0.010967363
27	0.190033132	0.010583333	0.011960728
28	0.221801337	0.010583333	0.012556934
29	0.253577	0.010583333	0.0127557
30	0.285352663	0.010583333	0.012556934
31	0.317120868	0.010583333	0.011960728
32	0.348874163	0.010583333	0.010967363
33	0.380605107	0.010583333	0.009577303
34	0.412306277	0.010583333	0.007791202
35	0.443970274	0.010583333	0.005609895
36	0.475589727	0.010583333	0.003034402
37	0.496638882	0.010583333	0.001055032
38	0.507154	0.010583333	0
39	0	0.031749999	0
40	0.010515118	0.031749999	0.001055032
41	0.031564273	0.031749999	0.003034402
42	0.063183726	0.031749999	0.005609895
43	0.094847723	0.031749999	0.007791202
44	0.126548893	0.031749999	0.009577303
45	0.158279837	0.031749999	0.010967363
46	0.190033132	0.031749999	0.011960728
47	0.221801337	0.031749999	0.012556934
48	0.253577	0.031749999	0.0127557
49	0.285352663	0.031749999	0.012556934
50	0.317120868	0.031749999	0.011960728
51	0.348874163	0.031749999	0.010967363
52	0.380605107	0.031749999	0.009577303
53	0.412306277	0.031749999	0.007791202
54	0.443970274	0.031749999	0.005609895
55	0.475589727	0.031749999	0.003034402
56	0.496638882	0.031749999	0.001055032
57	0.507154	0.031749999	0
58	0	0.063499999	0
59	0.010515118	0.063499999	0.001055032
60	0.031564273	0.063499999	0.003034402
61	0.063183726	0.063499999	0.005609895
62	0.094847723	0.063499999	0.007791202
63	0.126548893	0.063499999	0.009577303
64	0.158279837	0.063499999	0.010967363
65	0.190033132	0.063499999	0.011960728
66	0.221801337	0.063499999	0.012556934
67	0.253577	0.063499999	0.0127557
68	0.285352663	0.063499999	0.012556934
69	0.317120868	0.063499999	0.011960728
70	0.348874163	0.063499999	0.010967363
71	0.380605107	0.063499999	0.009577303
72	0.412306277	0.063499999	0.007791202
73	0.443970274	0.063499999	0.005609895
74	0.475589727	0.063499999	0.003034402
75	0.496638882	0.063499999	0.001055032
76	0.507154	0.063499999	0
77	0	0.095249999	0
78	0.010515118	0.095249999	0.001055032
79	0.031564273	0.095249999	0.003034402
80	0.063183726	0.095249999	0.005609895
81	0.094847723	0.095249999	0.007791202
82	0.126548893	0.095249999	0.009577303
83	0.158279837	0.095249999	0.010967363
84	0.190033132	0.095249999	0.011960728
85	0.221801337	0.095249999	0.012556934
86	0.253577	0.095249999	0.0127557
87	0.285352663	0.095249999	0.012556934
88	0.317120868	0.095249999	0.011960728
89	0.348874163	0.095249999	0.010967363
90	0.380605107	0.095249999	0.009577303
91	0.412306277	0.095249999	0.007791202
92	0.443970274	0.095249999	0.005609895
93	0.475589727	0.095249999	0.003034402
94	0.496638882	0.095249999	0.001055032
95	0.507154	0.095249999	0
96	0	0.126999999	0
97	0.010515118	0.126999999	0.001055032
98	0.031564273	0.126999999	0.003034402
99	0.063183726	0.126999999	0.005609895
100	0.094847723	0.126999999	0.007791202
101	0.126548893	0.126999999	0.009577303
102	0.158279837	0.126999999	0.010967363
103	0.190033132	0.126999999	0.011960728
104	0.221801337	0.126999999	0.012556934
105	0.253577	0.126999999	0.0127557
106	0.285352663	0.126999999	0.012556934
107	0.317120868	0.126999999	0.011960728
108	0.348874163	0.126999999	0.010967363
109	0.380605107	0.126999999	0.009577303
110	0.412306277	0.126999999	0.007791202
111	0.443970274	0.126999999	0.005609895
112	0.475589727	0.126999999	0.003034402
113	0.496638882	0.126999999	0.001055032
114	0.507154	0.126999999	0
115	0	0.158749999	0
116	0.010515118	0.158749999	0.001055032
117	0.031564273	0.158749999	0.003034402
118	0.063183726	0.158749999	0.005609895
119	0.094847723	0.158749999	0.007791202
120	0.126548893	0.158749999	0.009577303
121	0.158279837	0.158749999	0.010967363
122	0.190033132	0.158749999	0.011960728
123	0.221801337	0.158749999	0.012556934
124	0.253577	0.158749999	0.0127557
125	0.285352663	0.158749999	0.012556934
126	0.317120868	0.158749999	0.011960728
127	0.348874163	0.158749999	0.010967363
128	0.380605107	0.158749999	0.009577303
129	0.412306277	0.158749999	0.007791202
130	0.443970274	0.158749999	0.005609895
131	0.475589727	0.158749999	0.003034402
132	0.496638882	0.158749999	0.001055032
133	0.507154	0.158749999	0
134	0	0.190499999	0
135	0.010515118	0.190499999	0.001055032
136	0.031564273	0.190499999	0.003034402
137	0.063183726	0.190499999	0.005609895
138	0.094847723	0.190499999	0.007791202
139	0.126548893	0.190499999	0.009577303
140	0.158279837	0.190499999	0.010967363
141	0.190033132	0.190499999	0.011960728
142	0.221801337	0.190499999	0.012556934
143	0.253577	0.190499999	0.0127557
144	0.285352663	0.190499999	0.012556934
145	0.317120868	0.190499999	0.011960728
146	0.348874163	0.190499999	0.010967363
147	0.380605107	0.190499999	0.009577303
148	0.412306277	0.190499999	0.007791202
149	0.443970274	0.190499999	0.005609895
150	0.475589727	0.190499999	0.003034402
151	0.496638882	0.190499999	0.001055032
152	0.507154	0.190499999	0
153	0	0.22225	0
154	0.010515118	0.22225	0.001055032
155	0.031564273	0.22225	0.003034402
156	0.063183726	0.22225	0.005609895
157	0.094847723	0.22225	0.007791202
158	0.126548893	0.22225	0.009577303
159	0.158279837	0.22225	0.010967363
160	0.190033132	0.22225	0.011960728
161	0.221801337	0.22225	0.012556934
162	0.253577	0.22225	0.0127557
163	0.285352663	0.22225	0.012556934
164	0.317120868	0.22225	0.011960728
165	0.348874163	0.22225	0.010967363
166	0.380605107	0.22225	0.009577303
167	0.412306277	0.22225	0.007791202
168	0.443970274	0.22225	0.005609895
169	0.475589727	0.22225	0.003034402
170	0.496638882	0.22225	0.001055032
171	0.507154	0.22225	0
172	0	0.254	0
173	0.010515118	0.254	0.001055032
174	0.031564273	0.254	0.003034402
175	0.063183726	0.254	0.005609895
176	0.094847723	0.254	0.007791202
177	0.126548893	0.254	0.009577303
178	0.158279837	0.254	0.010967363
179	0.190033132	0.254	0.011960728
180	0.221801337	0.254	0.012556934
181	0.253577	0.254	0.0127557
182	0.285352663	0.254	0.012556934
183	0.317120868	0.254	0.011960728
184	0.348874163	0.254	0.010967363
185	0.380605107	0.254	0.009577303
186	0.412306277	0.254	0.007791202
187	0.443970274	0.254	0.005609895
188	0.475589727	0.254	0.003034402
189	0.496638882	0.254	0.001055032
190	0.507154	0.254	0
191	0	0.28575	0
192	0.010515118	0.28575	0.001055032
193	0.031564273	0.28575	0.003034402
194	0.063183726	0.28575	0.005609895
195	0.094847723	0.28575	0.007791202
196	0.126548893	0.28575	0.009577303
197	0.158279837	0.28575	0.010967363
198	0.190033132	0.28575	0.011960728
199	0.221801337	0.28575	0.012556934
200	0.253577	0.28575	0.0127557
201	0.285352663	0.28575	0.012556934
202	0.317120868	0.28575	0.011960728
203	0.348874163	0.28575	0.010967363
204	0.380605107	0.28575	0.009577303
205	0.412306277	0.28575	0.007791202
206	0.443970274	0.28575	0.005609895
207	0.475589727	0.28575	0.003034402
208	0.496638882	0.28575	0.001055032
209	0.507154	0.28575	0
210	0	0.317500001	0
211	0.010515118	0.317500001	0.001055032
212	0.031564273	0.317500001	0.003034402
213	0.063183726	0.317500001	0.005609895
214	0.094847723	0.317500001	0.007791202
215	0.126548893	0.317500001	0.009577303
216	0.158279837	0.317500001	0.010967363
217	0.190033132	0.317500001	0.011960728
218	0.221801337	0.317500001	0.012556934
219	0.253577	0.317500001	0.0127557
220	0.285352663	0.317500001	0.012556934
221	0.317120868	0.317500001	0.011960728
222	0.348874163	0.317500001	0.010967363
223	0.380605107	0.317500001	0.009577303
224	0.412306277	0.317500001	0.007791202
225	0.443970274	0.317500001	0.005609895
226	0.475589727	0.317500001	0.003034402
227	0.496638882	0.317500001	0.001055032
228	0.507154	0.317500001	0
229	0	0.349250001	0
230	0.010515118	0.349250001	0.001055032
231	0.031564273	0.349250001	0.003034402
232	0.063183726	0.349250001	0.005609895
233	0.094847723	0.349250001	0.007791202
234	0.126548893	0.349250001	0.009577303
235	0.158279837	0.349250001	0.010967363
236	0.190033132	0.349250001	0.011960728
237	0.221801337	0.349250001	0.012556934
238	0.253577	0.349250001	0.0127557
239	0.285352663	0.349250001	0.012556934
240	0.317120868	0.349250001	0.011960728
241	0.348874163	0.349250001	0.010967363
242	0.380605107	0.349250001	0.009577303
243	0.412306277	0.349250001	0.007791202
244	0.443970274	0.349250001	0.005609895
245	0.475589727	0.349250001	0.003034402
246	0.496638882	0.349250001	0.001055032
247	0.507154	0.349250001	0
248	0	0.381000001	0
249	0.010515118	0.381000001	0.001055032
250	0.031564273	0.381000001	0.003034402
251	0.063183726	0.381000001	0.005609895
252	0.094847723	0.381000001	0.007791202
253	0.126548893	0.381000001	0.009577303
254	0.158279837	0.381000001	0.010967363
255	0.190033132	0.381000001	0.011960728
256	0.221801337	0.381000001	0.012556934
257	0.253577	0.381000001	0.0127557
258	0.285352663	0.381000001	0.012556934
259	0.317120868	0.381000001	0.011960728
260	0.348874163	0.381000001	0.010967363
261	0.380605107	0.381000001	0.009577303
262	0.412306277	0.381000001	0.007791202
263	0.443970274	0.381000001	0.005609895
264	0.475589727	0.381000001	0.003034402
265	0.496638882	0.381000001	0.001055032
266	0.507154	0.381000001	0
267	0	0.412750001	0
268	0.010515118	0.412750001	0.001055032
269	0.031564273	0.412750001	0.003034402
270	0.063183726	0.412750001	0.005609895
271	0.094847723	0.412750001	0.007791202
272	0.126548893	0.412750001	0.009577303
273	0.158279837	0.412750001	0.010967363
274	0.190033132	0.412750001	0.011960728
275	0.221801337	0.412750001	0.012556934
276	0.253577	0.412750001	0.0127557
277	0.285352663	0.412750001	0.012556934
278	0.317120868	0.412750001	0.011960728
279	0.348874163	0.412750001	0.010967363
280	0.380605107	0.412750001	0.009577303
281	0.412306277	0.412750001	0.007791202
282	0.443970274	0.412750001	0.005609895
283	0.475589727	0.412750001	0.003034402
284	0.496638882	0.412750001	0.001055032
285	0.507154	0.412750001	0
286	0	0.444500001	0
287	0.010515118	0.444500001	0.001055032
288	0.031564273	0.444500001	0.003034402
289	0.063183726	0.444500001	0.005609895
290	0.094847723	0.444500001	0.007791202
291	0.126548893	0.444500001	0.009577303
292	0.158279837	0.444500001	0.010967363
293	0.190033132	0.444500001	0.011960728
294	0.221801337	0.444500001	0.012556934
295	0.253577	0.444500001	0.0127557
296	0.285352663	0.444500001	0.012556934
297	0.317120868	0.444500001	0.011960728
298	0.348874163	0.444500001	0.010967363
299	0.380605107	0.444500001	0.009577303
300	0.412306277	0.444500001	0.007791202
301	0.443970274	0.444500001	0.005609895
302	0.475589727	0.444500001	0.003034402
303	0.496638882	0.444500001	0.001055032
304	0.507154	0.444500001	0
305	0	0.476250001	0
306	0.010515118	0.476250001	0.001055032
307	0.031564273	0.476250001	0.003034402
308	0.063183726	0.476250001	0.005609895
309	0.094847723	0.476250001	0.007791202
310	0.126548893	0.476250001	0.009577303
311	0.158279837	0.476250001	0.010967363
312	0.190033132	0.476250001	0.011960728
313	0.221801337	0.476250001	0.012556934
314	0.253577	0.476250001	0.0127557
315	0.285352663	0.476250001	0.012556934
316	0.317120868	0.476250001	0.011960728
317	0.348874163	0.476250001	0.010967363
318	0.380605107	0.476250001	0.009577303
319	0.412306277	0.476250001	0.007791202
320	0.443970274	0.476250001	0.005609895
321	0.475589727	0.476250001	0.003034402
322	0.496638882	0.476250001	0.001055032
323	0.507154	0.476250001	0
324	0	0.497416667	0
325	0.010515118	0.497416667	0.001055032
326	0.031564273	0.497416667	0.003034402
327	0.063183726	0.497416667	0.005609895
328	0.094847723	0.497416667	0.007791202
329	0.126548893	0.497416667	0.009577303
330	0.158279837	0.497416667	0.010967363
331	0.190033132	0.497416667	0.011960728
332	0.221801337	0.497416667	0.012556934
333	0.253577	0.497416667	0.0127557
334	0.285352663	0.497416667	0.012556934
335	0.317120868	0.497416667	0.011960728
336	0.348874163	0.497416667	0.010967363
337	0.380605107	0.497416667	0.009577303
338	0.412306277	0.497416667	0.007791202
339	0.443970274	0.497416667	0.005609895
340	0.475589727	0.497416667	0.003034402
341	0.496638882	0.497416667	0.001055032
342	0.507154	0.497416667	0
343	0	0.508	0
344	0.010515118	0.508	0.001055032
345	0.031564273	0.508	0.003034402
346	0.063183726	0.508	0.005609895
347	0.094847723	0.508	0.007791202
348	0.126548893	0.508	0.009577303
349	0.158279837	0.508	0.010967363
350	0.190033132	0.508	0.011960728
351	0.221801337	0.508	0.012556934
352	0.253577	0.508	0.0127557
353	0.285352663	0.508	0.012556934
354	0.317120868	0.508	0.011960728
355	0.348874163	0.508	0.010967363
356	0.380605107	0.508	0.009577303
357	0.412306277	0.508	0.007791202
358	0.443970274	0.508	0.005609895
359	0.475589727	0.508	0.003034402
360	0.496638882	0.508	0.001055032
361	0.507154	0.508	0


%CONTROL.POINT.WEIGHT
361
1          1.000000000
2          0.999791875
3          0.999401641
4          0.998894336
5          0.998465078
6          0.998113867
7          0.997840703
8          0.997645586
9          0.997528516
10         0.997489492
11         0.997528516
12         0.997645586
13         0.997840703
14         0.998113867
15         0.998465078
16         0.998894336
17         0.999401641
18         0.999791875
19         1.000000000
20         1.000000000
21         0.999791875
22         0.999401641
23         0.998894336
24         0.998465078
25         0.998113867
26         0.997840703
27         0.997645586
28         0.997528516
29         0.997489492
30         0.997528516
31         0.997645586
32         0.997840703
33         0.998113867
34         0.998465078
35         0.998894336
36         0.999401641
37         0.999791875
38         1.000000000
39         1.000000000
40         0.999791875
41         0.999401641
42         0.998894336
43         0.998465078
44         0.998113867
45         0.997840703
46         0.997645586
47         0.997528516
48         0.997489492
49         0.997528516
50         0.997645586
51         0.997840703
52         0.998113867
53         0.998465078
54         0.998894336
55         0.999401641
56         0.999791875
57         1.000000000
58         1.000000000
59         0.999791875
60         0.999401641
61         0.998894336
62         0.998465078
63         0.998113867
64         0.997840703
65         0.997645586
66         0.997528516
67         0.997489492
68         0.997528516
69         0.997645586
70         0.997840703
71         0.998113867
72         0.998465078
73         0.998894336
74         0.999401641
75         0.999791875
76         1.000000000
77         1.000000000
78         0.999791875
79         0.999401641
80         0.998894336
81         0.998465078
82         0.998113867
83         0.997840703
84         0.997645586
85         0.997528516
86         0.997489492
87         0.997528516
88         0.997645586
89         0.997840703
90         0.998113867
91         0.998465078
92         0.998894336
93         0.999401641
94         0.999791875
95         1.000000000
96         1.000000000
97         0.999791875
98         0.999401641
99         0.998894336
100        0.998465078
101        0.998113867
102        0.997840703
103        0.997645586
104        0.997528516
105        0.997489492
106        0.997528516
107        0.997645586
108        0.997840703
109        0.998113867
110        0.998465078
111        0.998894336
112        0.999401641
113        0.999791875
114        1.000000000
115        1.000000000
116        0.999791875
117        0.999401641
118        0.998894336
119        0.998465078
120        0.998113867
121        0.997840703
122        0.997645586
123        0.997528516
124        0.997489492
125        0.997528516
126        0.997645586
127        0.997840703
128        0.998113867
129        0.998465078
130        0.998894336
131        0.999401641
132        0.999791875
133        1.000000000
134        1.000000000
135        0.999791875
136        0.999401641
137        0.998894336
138        0.998465078
139        0.998113867
140        0.997840703
141        0.997645586
142        0.997528516
143        0.997489492
144        0.997528516
145        0.997645586
146        0.997840703
147        0.998113867
148        0.998465078
149        0.998894336
150        0.999401641
151        0.999791875
152        1.000000000
153        1.000000000
154        0.999791875
155        0.999401641
156        0.998894336
157        0.998465078
158        0.998113867
159        0.997840703
160        0.997645586
161        0.997528516
162        0.997489492
163        0.997528516
164        0.997645586
165        0.997840703
166        0.998113867
167        0.998465078
168        0.998894336
169        0.999401641
170        0.999791875
171        1.000000000
172        1.000000000
173        0.999791875
174        0.999401641
175        0.998894336
176        0.998465078
177        0.998113867
178        0.997840703
179        0.997645586
180        0.997528516
181        0.997489492
182        0.997528516
183        0.997645586
184        0.997840703
185        0.998113867
186        0.998465078
187        0.998894336
188        0.999401641
189        0.999791875
190        1.000000000
191        1.000000000
192        0.999791875
193        0.999401641
194        0.998894336
195        0.998465078
196        0.998113867
197        0.997840703
198        0.997645586
199        0.997528516
200        0.997489492
201        0.997528516
202        0.997645586
203        0.997840703
204        0.998113867
205        0.998465078
206        0.998894336
207        0.999401641
208        0.999791875
209        1.000000000
210        1.000000000
211        0.999791875
212        0.999401641
213        0.998894336
214        0.998465078
215        0.998113867
216        0.997840703
217        0.997645586
218        0.997528516
219        0.997489492
220        0.997528516
221        0.997645586
222        0.997840703
223        0.998113867
224        0.998465078
225        0.998894336
226        0.999401641
227        0.999791875
228        1.000000000
229        1.000000000
230        0.999791875
231        0.999401641
232        0.998894336
233        0.998465078
234        0.998113867
235        0.997840703
236        0.997645586
237        0.997528516
238        0.997489492
239        0.997528516
240        0.997645586
241        0.997840703
242        0.998113867
243        0.998465078
244        0.998894336
245        0.999401641
246        0.999791875
247        1.000000000
248        1.000000000
249        0.999791875
250        0.999401641
251        0.998894336
252        0.998465078
253        0.998113867
254        0.997840703
255        0.997645586
256        0.997528516
257        0.997489492
258        0.997528516
259        0.997645586
260        0.997840703
261        0.998113867
262        0.998465078
263        0.998894336
264        0.999401641
265        0.999791875
266        1.000000000
267        1.000000000
268        0.999791875
269        0.999401641
270        0.998894336
271        0.998465078
272        0.998113867
273        0.997840703
274        0.997645586
275        0.997528516
276        0.997489492
277        0.997528516
278        0.997645586
279        0.997840703
280        0.998113867
281        0.998465078
282        0.998894336
283        0.999401641
284        0.999791875
285        1.000000000
286        1.000000000
287        0.999791875
288        0.999401641
289        0.998894336
290        0.998465078
291        0.998113867
292        0.997840703
293        0.997645586
294        0.997528516
295        0.997489492
296        0.997528516
297        0.997645586
298        0.997840703
299        0.998113867
300        0.998465078
301        0.998894336
302        0.999401641
303        0.999791875
304        1.000000000
305        1.000000000
306        0.999791875
307        0.999401641
308        0.998894336
309        0.998465078
310        0.998113867
311        0.997840703
312        0.997645586
313        0.997528516
314        0.997489492
315        0.997528516
316        0.997645586
317        0.997840703
318        0.998113867
319        0.998465078
320        0.998894336
321        0.999401641
322        0.999791875
323        1.000000000
324        1.000000000
325        0.999791875
326        0.999401641
327        0.998894336
328        0.998465078
329        0.998113867
330        0.997840703
331        0.997645586
332        0.997528516
333        0.997489492
334        0.997528516
335        0.997645586
336        0.997840703
337        0.998113867
338        0.998465078
339        0.998894336
340        0.999401641
341        0.999791875
342        1.000000000
343        1.000000000
344        0.999791875
345        0.999401641
346        0.998894336
347        0.998465078
348        0.998113867
349        0.997840703
350        0.997645586
351        0.997528516
352        0.997489492
353        0.997528516
354        0.997645586
355        0.997840703
356        0.998113867
357        0.998465078
358        0.998894336
359        0.999401641
360        0.999791875
361        1.000000000


%NODE.SUPPORT
38
1     1    1    1    0    0    0
19    1    1    1    0    0    0
20    1    1    1    0    0    0
38    1    1    1    0    0    0
39    1    1    1    0    0    0
57    1    1    1    0    0    0
58    1    1    1    0    0    0
76    1    1    1    0    0    0
77    1    1    1    0    0    0
95    1    1    1    0    0    0
96    1    1    1    0    0    0
114   1    1    1    0    0    0
115   1    1    1    0    0    0
133   1    1    1    0    0    0
134   1    1    1    0    0    0
152   1    1    1    0    0    0
153   1    1    1    0    0    0
171   1    1    1    0    0    0
172   1    1    1    0    0    0
190   1    1    1    0    0    0
191   1    1    1    0    0    0
209   1    1    1    0    0    0
210   1    1    1    0    0    0
228   1    1    1    0    0    0
229   1    1    1    0    0    0
247   1    1    1    0    0    0
248   1    1    1    0    0    0
266   1    1    1    0    0    0
267   1    1    1    0    0    0
285   1    1    1    0    0    0
286   1    1    1    0    0    0
304   1    1    1    0    0    0
305   1    1    1    0    0    0
323   1    1    1    0    0    0
324   1    1    1    0    0    0
342   1    1    1    0    0    0
343   1    1    1    0    0    0
361   1    1    1    0    0    0


%%NODE.SUPPORT
38
1     1    1    1    0    0    0
19    1    0    1    0    0    0
20    1    0    1    0    0    0
38    1    0    1    0    0    0
39    1    0    1    0    0    0
57    1    0    1    0    0    0
58    1    0    1    0    0    0
76    1    0    1    0    0    0
77    1    0    1    0    0    0
95    1    0    1    0    0    0
96    1    0    1    0    0    0
114   1    0    1    0    0    0
115   1    0    1    0    0    0
133   1    0    1    0    0    0
134   1    0    1    0    0    0
152   1    0    1    0    0    0
153   1    0    1    0    0    0
171   1    0    1    0    0    0
172   1    0    1    0    0    0
190   1    0    1    0    0    0
191   1    0    1    0    0    0
209   1    0    1    0    0    0
210   1    0    1    0    0    0
228   1    0    1    0    0    0
229   1    0    1    0    0    0
247   1    0    1    0    0    0
248   1    0    1    0    0    0
266   1    0    1    0    0    0
267   1    0    1    0    0    0
285   1    0    1    0    0    0
286   1    0    1    0    0    0
304   1    0    1    0    0    0
305   1    0    1    0    0    0
323   1    0    1    0    0    0
324   1    0    1    0    0    0
342   1    0    1    0    0    0
343   1    0    1    0    0    0
361   1    0    1    0    0    0

%PATCH
1
1 'bspsurf' 1
3 'General' 17 0.000000000 1.000000000 2.000000000 3.000000000 4.000000000 5.000000000 6.000000000 7.000000000 8.000000000 9.000000000 10.000000000 11.000000000 12.000000000 13.000000000 14.000000000 15.000000000 16.000000000 4 1 1 1 1 1 1 1 1 1 1 1 1 1 1 1 4 
3 'General' 17 0.000000000 1.000000000 2.000000000 3.000000000 4.000000000 5.000000000 6.000000000 7.000000000 8.000000000 9.000000000 10.000000000 11.000000000 12.000000000 13.000000000 14.000000000 15.000000000 16.000000000 4 1 1 1 1 1 1 1 1 1 1 1 1 1 1 1 4 
1 2 3 4 5 6 7 8 9 10 11 12 13 14 15 16 17 18 19 20 21 22 23 24 25 26 27 28 29 30 31 32 33 34 35 36 37 38 39 40 41 42 43 44 45 46 47 48 49 50 51 52 53 54 55 56 57 58 59 60 61 62 63 64 65 66 67 68 69 70 71 72 73 74 75 76 77 78 79 80 81 82 83 84 85 86 87 88 89 90 91 92 93 94 95 96 97 98 99 100 101 102 103 104 105 106 107 108 109 110 111 112 113 114 115 116 117 118 119 120 121 122 123 124 125 126 127 128 129 130 131 132 133 134 135 136 137 138 139 140 141 142 143 144 145 146 147 148 149 150 151 152 153 154 155 156 157 158 159 160 161 162 163 164 165 166 167 168 169 170 171 172 173 174 175 176 177 178 179 180 181 182 183 184 185 186 187 188 189 190 191 192 193 194 195 196 197 198 199 200 201 202 203 204 205 206 207 208 209 210 211 212 213 214 215 216 217 218 219 220 221 222 223 224 225 226 227 228 229 230 231 232 233 234 235 236 237 238 239 240 241 242 243 244 245 246 247 248 249 250 251 252 253 254 255 256 257 258 259 260 261 262 263 264 265 266 267 268 269 270 271 272 273 274 275 276 277 278 279 280 281 282 283 284 285 286 287 288 289 290 291 292 293 294 295 296 297 298 299 300 301 302 303 304 305 306 307 308 309 310 311 312 313 314 315 316 317 318 319 320 321 322 323 324 325 326 327 328 329 330 331 332 333 334 335 336 337 338 339 340 341 342 343 344 345 346 347 348 349 350 351 352 353 354 355 356 357 358 359 360 361 

%PATCH.OUTPUT.POINT
1
1 8.0 8.0 0.0  

%MATERIAL
1

%MATERIAL.FGM
1
1          70.0e9   0.3  2707.0  151.0e9  0.3  3800.0   1

%SECTION
1

%%INTEGRATION.ORDER
1 
1	3	3	1	3	3	1 
