
%INTEGRATION.ORDER
1
1	3	3	1	3	3	1

%INTEGRATION.TYPE
1
1      'Gauss'



%ELEMENT
1536

%ELEMENT.SHALLOWSHELL.Q8
1536
1           1 1 1080 1327 1081 1328 25 26 27 1326
2           1 1 1081 1329 467 468 127 24 25 1328
3           1 1 1079 1325 1080 1326 27 28 29 1324
4           1 1 1078 1323 1079 1324 29 30 31 1322
5           1 1 1077 1321 1078 1322 31 32 33 1320
6           1 1 1076 1319 1077 1320 33 34 35 1318
7           1 1 1075 1317 1076 1318 35 36 37 1316
8           1 1 1074 1315 1075 1316 37 38 39 1314
9           1 1 1073 1313 1074 1314 39 40 41 1312
10          1 1 1072 1311 1073 1312 41 42 43 1310
11          1 1 1071 1309 1072 1310 43 44 45 1308
12          1 1 912 1307 1071 1308 45 46 228 911
13          1 1 935 934 148 446 447 1099 391 375
14          1 1 342 956 955 365 381 376 932 933
15          1 1 381 378 382 379 393 1102 392 377
16          1 1 955 954 953 366 382 378 381 365
17          1 1 932 376 381 377 392 1100 930 931
18          1 1 382 380 383 1082 394 1104 393 379
19          1 1 953 952 951 367 383 380 382 366
20          1 1 383 1083 384 1084 395 1106 394 1082
21          1 1 951 950 949 368 384 1083 383 367
22          1 1 384 1085 385 1086 396 1108 395 1084
23          1 1 949 948 947 369 385 1085 384 368
24          1 1 385 1087 386 1088 397 1110 396 1086
25          1 1 947 946 945 370 386 1087 385 369
26          1 1 386 1089 387 1090 398 1112 397 1088
27          1 1 945 944 943 371 387 1089 386 370
28          1 1 387 1091 388 1092 399 1114 398 1090
29          1 1 943 942 941 372 388 1091 387 371
30          1 1 388 1093 389 1094 400 1116 399 1092
31          1 1 941 940 939 373 389 1093 388 372
32          1 1 389 1095 390 1096 401 1118 400 1094
33          1 1 939 938 937 374 390 1095 389 373
34          1 1 390 1097 391 1098 402 1120 401 1096
35          1 1 937 936 935 375 391 1097 390 374
36          1 1 391 1099 447 448 449 1122 402 1098
37          1 1 392 1102 393 1103 404 1125 403 1101
38          1 1 930 1100 392 1101 403 1123 928 929
39          1 1 393 1104 394 1105 405 1127 404 1103
40          1 1 394 1106 395 1107 406 1129 405 1105
41          1 1 395 1108 396 1109 407 1131 406 1107
42          1 1 396 1110 397 1111 408 1133 407 1109
43          1 1 397 1112 398 1113 409 1135 408 1111
44          1 1 398 1114 399 1115 410 1137 409 1113
45          1 1 399 1116 400 1117 411 1139 410 1115
46          1 1 400 1118 401 1119 412 1141 411 1117
47          1 1 401 1120 402 1121 413 1143 412 1119
48          1 1 402 1122 449 450 451 1145 413 1121
49          1 1 403 1125 404 1126 415 1148 414 1124
50          1 1 928 1123 403 1124 414 1146 926 927
51          1 1 404 1127 405 1128 416 1150 415 1126
52          1 1 405 1129 406 1130 417 1152 416 1128
53          1 1 406 1131 407 1132 418 1154 417 1130
54          1 1 407 1133 408 1134 419 1156 418 1132
55          1 1 408 1135 409 1136 420 1158 419 1134
56          1 1 409 1137 410 1138 421 1160 420 1136
57          1 1 410 1139 411 1140 422 1162 421 1138
58          1 1 411 1141 412 1142 423 1164 422 1140
59          1 1 412 1143 413 1144 424 1166 423 1142
60          1 1 413 1145 451 452 453 1168 424 1144
61          1 1 414 1148 415 1149 426 1171 425 1147
62          1 1 926 1146 414 1147 425 1169 924 925
63          1 1 415 1150 416 1151 427 1173 426 1149
64          1 1 416 1152 417 1153 428 1175 427 1151
65          1 1 417 1154 418 1155 429 1177 428 1153
66          1 1 418 1156 419 1157 430 1179 429 1155
67          1 1 419 1158 420 1159 431 1181 430 1157
68          1 1 420 1160 421 1161 432 1183 431 1159
69          1 1 421 1162 422 1163 433 1185 432 1161
70          1 1 422 1164 423 1165 434 1187 433 1163
71          1 1 423 1166 424 1167 435 1189 434 1165
72          1 1 424 1168 453 454 455 1191 435 1167
73          1 1 425 1171 426 1172 437 1194 436 1170
74          1 1 924 1169 425 1170 436 1192 922 923
75          1 1 426 1173 427 1174 438 1196 437 1172
76          1 1 427 1175 428 1176 439 1198 438 1174
77          1 1 428 1177 429 1178 440 1200 439 1176
78          1 1 429 1179 430 1180 441 1202 440 1178
79          1 1 430 1181 431 1182 442 1204 441 1180
80          1 1 431 1183 432 1184 443 1206 442 1182
81          1 1 432 1185 433 1186 444 1208 443 1184
82          1 1 433 1187 434 1188 445 1210 444 1186
83          1 1 434 1189 435 1190 1026 1212 445 1188
84          1 1 435 1191 455 456 457 1214 1026 1190
85          1 1 436 1194 437 1195 1028 1217 1027 1193
86          1 1 922 1192 436 1193 1027 1215 920 921
87          1 1 437 1196 438 1197 1029 1219 1028 1195
88          1 1 438 1198 439 1199 1030 1221 1029 1197
89          1 1 439 1200 440 1201 1031 1223 1030 1199
90          1 1 440 1202 441 1203 1032 1225 1031 1201
91          1 1 441 1204 442 1205 1033 1227 1032 1203
92          1 1 442 1206 443 1207 1034 1229 1033 1205
93          1 1 443 1208 444 1209 1035 1231 1034 1207
94          1 1 444 1210 445 1211 1036 1233 1035 1209
95          1 1 445 1212 1026 1213 1037 1235 1036 1211
96          1 1 1026 1214 457 458 459 1237 1037 1213
97          1 1 1037 1237 459 460 461 1260 1048 1236
98          1 1 1048 1260 461 462 463 1283 1059 1259
99          1 1 1059 1283 463 464 465 1306 1070 1282
100         1 1 1070 1306 465 466 467 1329 1081 1305
101         1 1 914 1284 1060 1285 1071 1307 912 913
102         1 1 916 1261 1049 1262 1060 1284 914 915
103         1 1 918 1238 1038 1239 1049 1261 916 917
104         1 1 920 1215 1027 1216 1038 1238 918 919
105         1 1 1027 1217 1028 1218 1039 1240 1038 1216
106         1 1 1028 1219 1029 1220 1040 1242 1039 1218
107         1 1 1029 1221 1030 1222 1041 1244 1040 1220
108         1 1 1030 1223 1031 1224 1042 1246 1041 1222
109         1 1 1031 1225 1032 1226 1043 1248 1042 1224
110         1 1 1032 1227 1033 1228 1044 1250 1043 1226
111         1 1 1033 1229 1034 1230 1045 1252 1044 1228
112         1 1 1034 1231 1035 1232 1046 1254 1045 1230
113         1 1 1035 1233 1036 1234 1047 1256 1046 1232
114         1 1 1036 1235 1037 1236 1048 1258 1047 1234
115         1 1 1038 1240 1039 1241 1050 1263 1049 1239
116         1 1 1039 1242 1040 1243 1051 1265 1050 1241
117         1 1 1040 1244 1041 1245 1052 1267 1051 1243
118         1 1 1041 1246 1042 1247 1053 1269 1052 1245
119         1 1 1042 1248 1043 1249 1054 1271 1053 1247
120         1 1 1043 1250 1044 1251 1055 1273 1054 1249
121         1 1 1044 1252 1045 1253 1056 1275 1055 1251
122         1 1 1045 1254 1046 1255 1057 1277 1056 1253
123         1 1 1046 1256 1047 1257 1058 1279 1057 1255
124         1 1 1047 1258 1048 1259 1059 1281 1058 1257
125         1 1 1049 1263 1050 1264 1061 1286 1060 1262
126         1 1 1050 1265 1051 1266 1062 1288 1061 1264
127         1 1 1051 1267 1052 1268 1063 1290 1062 1266
128         1 1 1052 1269 1053 1270 1064 1292 1063 1268
129         1 1 1053 1271 1054 1272 1065 1294 1064 1270
130         1 1 1054 1273 1055 1274 1066 1296 1065 1272
131         1 1 1055 1275 1056 1276 1067 1298 1066 1274
132         1 1 1056 1277 1057 1278 1068 1300 1067 1276
133         1 1 1057 1279 1058 1280 1069 1302 1068 1278
134         1 1 1058 1281 1059 1282 1070 1304 1069 1280
135         1 1 1060 1286 1061 1287 1072 1309 1071 1285
136         1 1 1061 1288 1062 1289 1073 1311 1072 1287
137         1 1 1062 1290 1063 1291 1074 1313 1073 1289
138         1 1 1063 1292 1064 1293 1075 1315 1074 1291
139         1 1 1064 1294 1065 1295 1076 1317 1075 1293
140         1 1 1065 1296 1066 1297 1077 1319 1076 1295
141         1 1 1066 1298 1067 1299 1078 1321 1077 1297
142         1 1 1067 1300 1068 1301 1079 1323 1078 1299
143         1 1 1068 1302 1069 1303 1080 1325 1079 1301
144         1 1 1069 1304 1070 1305 1081 1327 1080 1303
145         1 1 1385 1401 142 143 144 1408 1388 1400
146         1 1 845 844 345 141 142 1401 1385 1394
147         1 1 1388 1408 144 145 146 1415 1391 1407
148         1 1 1391 1415 146 147 342 491 492 1414
149         1 1 229 850 849 1392 1383 1395 842 843
150         1 1 838 1409 1389 1410 496 497 341 837
151         1 1 1390 1413 1391 1414 492 493 494 1412
152         1 1 1389 1411 1390 1412 494 495 496 1410
153         1 1 840 1402 1386 1403 1389 1409 838 839
154         1 1 842 1395 1383 1396 1386 1402 840 841
155         1 1 847 846 845 1394 1385 1399 1384 1393
156         1 1 849 848 847 1393 1384 1397 1383 1392
157         1 1 1383 1397 1384 1398 1387 1404 1386 1396
158         1 1 1384 1399 1385 1400 1388 1406 1387 1398
159         1 1 1386 1404 1387 1405 1390 1411 1389 1403
160         1 1 1387 1406 1388 1407 1391 1413 1390 1405
161         1 1 194 1475 1431 1476 1434 1482 192 193
162         1 1 192 1482 1434 1483 849 850 229 191
163         1 1 196 1468 1428 1469 1431 1475 194 195
164         1 1 198 1461 1425 1462 1428 1468 196 197
165         1 1 200 1454 1422 1455 1425 1461 198 199
166         1 1 202 1447 1419 1448 1422 1454 200 201
167         1 1 204 1440 1416 1441 1419 1447 202 203
168         1 1 253 857 856 1437 1416 1440 204 205
169         1 1 1436 1488 526 527 345 844 845 1487
170         1 1 852 851 346 513 514 1446 1418 1439
171         1 1 1418 1446 514 515 516 1453 1421 1445
172         1 1 1421 1453 516 517 518 1460 1424 1452
173         1 1 1424 1460 518 519 520 1467 1427 1459
174         1 1 1427 1467 520 521 522 1474 1430 1466
175         1 1 1430 1474 522 523 524 1481 1433 1473
176         1 1 1433 1481 524 525 526 1488 1436 1480
177         1 1 1435 1486 1436 1487 845 846 847 1485
178         1 1 1434 1484 1435 1485 847 848 849 1483
179         1 1 854 853 852 1439 1418 1444 1417 1438
180         1 1 856 855 854 1438 1417 1442 1416 1437
181         1 1 1416 1442 1417 1443 1420 1449 1419 1441
182         1 1 1417 1444 1418 1445 1421 1451 1420 1443
183         1 1 1419 1449 1420 1450 1423 1456 1422 1448
184         1 1 1420 1451 1421 1452 1424 1458 1423 1450
185         1 1 1422 1456 1423 1457 1426 1463 1425 1455
186         1 1 1423 1458 1424 1459 1427 1465 1426 1457
187         1 1 1425 1463 1426 1464 1429 1470 1428 1462
188         1 1 1426 1465 1427 1466 1430 1472 1429 1464
189         1 1 1428 1470 1429 1471 1432 1477 1431 1469
190         1 1 1429 1472 1430 1473 1433 1479 1432 1471
191         1 1 1431 1477 1432 1478 1435 1484 1434 1476
192         1 1 1432 1479 1433 1480 1436 1486 1435 1478
193         1 1 1512 1684 548 549 139 957 958 1683
194         1 1 981 980 305 535 536 1546 1340 1523
195         1 1 526 1662 1502 1663 978 979 345 527
196         1 1 346 1002 1001 1513 1330 1524 514 513
197         1 1 514 1524 1330 1525 1341 1547 516 515
198         1 1 516 1547 1341 1548 1352 1570 518 517
199         1 1 518 1570 1352 1571 1363 1593 520 519
200         1 1 520 1593 1363 1594 1374 1616 522 521
201         1 1 522 1616 1374 1617 1491 1639 524 523
202         1 1 524 1639 1491 1640 1502 1662 526 525
203         1 1 1340 1546 536 537 538 1569 1351 1545
204         1 1 1351 1569 538 539 540 1592 1362 1568
205         1 1 1362 1592 540 541 542 1615 1373 1591
206         1 1 1373 1615 542 543 544 1638 1490 1614
207         1 1 1490 1638 544 545 546 1661 1501 1637
208         1 1 1501 1661 546 547 548 1684 1512 1660
209         1 1 1511 1682 1512 1683 958 959 960 1681
210         1 1 1510 1680 1511 1681 960 961 962 1679
211         1 1 1509 1678 1510 1679 962 963 964 1677
212         1 1 1508 1676 1509 1677 964 965 966 1675
213         1 1 1507 1674 1508 1675 966 967 968 1673
214         1 1 1506 1672 1507 1673 968 969 970 1671
215         1 1 1505 1670 1506 1671 970 971 972 1669
216         1 1 1504 1668 1505 1669 972 973 974 1667
217         1 1 1503 1666 1504 1667 974 975 976 1665
218         1 1 1502 1664 1503 1665 976 977 978 1663
219         1 1 983 982 981 1523 1340 1544 1339 1522
220         1 1 985 984 983 1522 1339 1542 1338 1521
221         1 1 987 986 985 1521 1338 1540 1337 1520
222         1 1 989 988 987 1520 1337 1538 1336 1519
223         1 1 991 990 989 1519 1336 1536 1335 1518
224         1 1 993 992 991 1518 1335 1534 1334 1517
225         1 1 995 994 993 1517 1334 1532 1333 1516
226         1 1 997 996 995 1516 1333 1530 1332 1515
227         1 1 999 998 997 1515 1332 1528 1331 1514
228         1 1 1001 1000 999 1514 1331 1526 1330 1513
229         1 1 1330 1526 1331 1527 1342 1549 1341 1525
230         1 1 1331 1528 1332 1529 1343 1551 1342 1527
231         1 1 1332 1530 1333 1531 1344 1553 1343 1529
232         1 1 1333 1532 1334 1533 1345 1555 1344 1531
233         1 1 1334 1534 1335 1535 1346 1557 1345 1533
234         1 1 1335 1536 1336 1537 1347 1559 1346 1535
235         1 1 1336 1538 1337 1539 1348 1561 1347 1537
236         1 1 1337 1540 1338 1541 1349 1563 1348 1539
237         1 1 1338 1542 1339 1543 1350 1565 1349 1541
238         1 1 1339 1544 1340 1545 1351 1567 1350 1543
239         1 1 1341 1549 1342 1550 1353 1572 1352 1548
240         1 1 1342 1551 1343 1552 1354 1574 1353 1550
241         1 1 1343 1553 1344 1554 1355 1576 1354 1552
242         1 1 1344 1555 1345 1556 1356 1578 1355 1554
243         1 1 1345 1557 1346 1558 1357 1580 1356 1556
244         1 1 1346 1559 1347 1560 1358 1582 1357 1558
245         1 1 1347 1561 1348 1562 1359 1584 1358 1560
246         1 1 1348 1563 1349 1564 1360 1586 1359 1562
247         1 1 1349 1565 1350 1566 1361 1588 1360 1564
248         1 1 1350 1567 1351 1568 1362 1590 1361 1566
249         1 1 1352 1572 1353 1573 1364 1595 1363 1571
250         1 1 1353 1574 1354 1575 1365 1597 1364 1573
251         1 1 1354 1576 1355 1577 1366 1599 1365 1575
252         1 1 1355 1578 1356 1579 1367 1601 1366 1577
253         1 1 1356 1580 1357 1581 1368 1603 1367 1579
254         1 1 1357 1582 1358 1583 1369 1605 1368 1581
255         1 1 1358 1584 1359 1585 1370 1607 1369 1583
256         1 1 1359 1586 1360 1587 1371 1609 1370 1585
257         1 1 1360 1588 1361 1589 1372 1611 1371 1587
258         1 1 1361 1590 1362 1591 1373 1613 1372 1589
259         1 1 1363 1595 1364 1596 1375 1618 1374 1594
260         1 1 1364 1597 1365 1598 1376 1620 1375 1596
261         1 1 1365 1599 1366 1600 1377 1622 1376 1598
262         1 1 1366 1601 1367 1602 1378 1624 1377 1600
263         1 1 1367 1603 1368 1604 1379 1626 1378 1602
264         1 1 1368 1605 1369 1606 1380 1628 1379 1604
265         1 1 1369 1607 1370 1608 1381 1630 1380 1606
266         1 1 1370 1609 1371 1610 1382 1632 1381 1608
267         1 1 1371 1611 1372 1612 1489 1634 1382 1610
268         1 1 1372 1613 1373 1614 1490 1636 1489 1612
269         1 1 1374 1618 1375 1619 1492 1641 1491 1617
270         1 1 1375 1620 1376 1621 1493 1643 1492 1619
271         1 1 1376 1622 1377 1623 1494 1645 1493 1621
272         1 1 1377 1624 1378 1625 1495 1647 1494 1623
273         1 1 1378 1626 1379 1627 1496 1649 1495 1625
274         1 1 1379 1628 1380 1629 1497 1651 1496 1627
275         1 1 1380 1630 1381 1631 1498 1653 1497 1629
276         1 1 1381 1632 1382 1633 1499 1655 1498 1631
277         1 1 1382 1634 1489 1635 1500 1657 1499 1633
278         1 1 1489 1636 1490 1637 1501 1659 1500 1635
279         1 1 1491 1641 1492 1642 1503 1664 1502 1640
280         1 1 1492 1643 1493 1644 1504 1666 1503 1642
281         1 1 1493 1645 1494 1646 1505 1668 1504 1644
282         1 1 1494 1647 1495 1648 1506 1670 1505 1646
283         1 1 1495 1649 1496 1650 1507 1672 1506 1648
284         1 1 1496 1651 1497 1652 1508 1674 1507 1650
285         1 1 1497 1653 1498 1654 1509 1676 1508 1652
286         1 1 1498 1655 1499 1656 1510 1678 1509 1654
287         1 1 1499 1657 1500 1658 1511 1680 1510 1656
288         1 1 1500 1659 1501 1660 1512 1682 1511 1658
289         1 1 565 1911 1751 1912 690 691 126 564
290         1 1 137 714 713 1762 1685 1773 577 578
291         1 1 1750 1910 163 162 161 1933 1761 1909
292         1 1 1761 1933 161 160 340 669 670 1932
293         1 1 1739 1887 165 164 163 1910 1750 1886
294         1 1 1728 1864 167 166 165 1887 1739 1863
295         1 1 1717 1841 169 168 167 1864 1728 1840
296         1 1 1706 1818 171 170 169 1841 1717 1817
297         1 1 1695 1795 173 172 171 1818 1706 1794
298         1 1 693 692 339 174 173 1795 1695 1772
299         1 1 567 1888 1740 1889 1751 1911 565 566
300         1 1 569 1865 1729 1866 1740 1888 567 568
301         1 1 571 1842 1718 1843 1729 1865 569 570
302         1 1 573 1819 1707 1820 1718 1842 571 572
303         1 1 575 1796 1696 1797 1707 1819 573 574
304         1 1 577 1773 1685 1774 1696 1796 575 576
305         1 1 1760 1931 1761 1932 670 671 672 1930
306         1 1 1759 1929 1760 1930 672 673 674 1928
307         1 1 1758 1927 1759 1928 674 675 676 1926
308         1 1 1757 1925 1758 1926 676 677 678 1924
309         1 1 1756 1923 1757 1924 678 679 680 1922
310         1 1 1755 1921 1756 1922 680 681 682 1920
311         1 1 1754 1919 1755 1920 682 683 684 1918
312         1 1 1753 1917 1754 1918 684 685 686 1916
313         1 1 1752 1915 1753 1916 686 687 688 1914
314         1 1 1751 1913 1752 1914 688 689 690 1912
315         1 1 695 694 693 1772 1695 1793 1694 1771
316         1 1 697 696 695 1771 1694 1791 1693 1770
317         1 1 699 698 697 1770 1693 1789 1692 1769
318         1 1 701 700 699 1769 1692 1787 1691 1768
319         1 1 703 702 701 1768 1691 1785 1690 1767
320         1 1 705 704 703 1767 1690 1783 1689 1766
321         1 1 707 706 705 1766 1689 1781 1688 1765
322         1 1 709 708 707 1765 1688 1779 1687 1764
323         1 1 711 710 709 1764 1687 1777 1686 1763
324         1 1 713 712 711 1763 1686 1775 1685 1762
325         1 1 1685 1775 1686 1776 1697 1798 1696 1774
326         1 1 1686 1777 1687 1778 1698 1800 1697 1776
327         1 1 1687 1779 1688 1780 1699 1802 1698 1778
328         1 1 1688 1781 1689 1782 1700 1804 1699 1780
329         1 1 1689 1783 1690 1784 1701 1806 1700 1782
330         1 1 1690 1785 1691 1786 1702 1808 1701 1784
331         1 1 1691 1787 1692 1788 1703 1810 1702 1786
332         1 1 1692 1789 1693 1790 1704 1812 1703 1788
333         1 1 1693 1791 1694 1792 1705 1814 1704 1790
334         1 1 1694 1793 1695 1794 1706 1816 1705 1792
335         1 1 1696 1798 1697 1799 1708 1821 1707 1797
336         1 1 1697 1800 1698 1801 1709 1823 1708 1799
337         1 1 1698 1802 1699 1803 1710 1825 1709 1801
338         1 1 1699 1804 1700 1805 1711 1827 1710 1803
339         1 1 1700 1806 1701 1807 1712 1829 1711 1805
340         1 1 1701 1808 1702 1809 1713 1831 1712 1807
341         1 1 1702 1810 1703 1811 1714 1833 1713 1809
342         1 1 1703 1812 1704 1813 1715 1835 1714 1811
343         1 1 1704 1814 1705 1815 1716 1837 1715 1813
344         1 1 1705 1816 1706 1817 1717 1839 1716 1815
345         1 1 1707 1821 1708 1822 1719 1844 1718 1820
346         1 1 1708 1823 1709 1824 1720 1846 1719 1822
347         1 1 1709 1825 1710 1826 1721 1848 1720 1824
348         1 1 1710 1827 1711 1828 1722 1850 1721 1826
349         1 1 1711 1829 1712 1830 1723 1852 1722 1828
350         1 1 1712 1831 1713 1832 1724 1854 1723 1830
351         1 1 1713 1833 1714 1834 1725 1856 1724 1832
352         1 1 1714 1835 1715 1836 1726 1858 1725 1834
353         1 1 1715 1837 1716 1838 1727 1860 1726 1836
354         1 1 1716 1839 1717 1840 1728 1862 1727 1838
355         1 1 1718 1844 1719 1845 1730 1867 1729 1843
356         1 1 1719 1846 1720 1847 1731 1869 1730 1845
357         1 1 1720 1848 1721 1849 1732 1871 1731 1847
358         1 1 1721 1850 1722 1851 1733 1873 1732 1849
359         1 1 1722 1852 1723 1853 1734 1875 1733 1851
360         1 1 1723 1854 1724 1855 1735 1877 1734 1853
361         1 1 1724 1856 1725 1857 1736 1879 1735 1855
362         1 1 1725 1858 1726 1859 1737 1881 1736 1857
363         1 1 1726 1860 1727 1861 1738 1883 1737 1859
364         1 1 1727 1862 1728 1863 1739 1885 1738 1861
365         1 1 1729 1867 1730 1868 1741 1890 1740 1866
366         1 1 1730 1869 1731 1870 1742 1892 1741 1868
367         1 1 1731 1871 1732 1872 1743 1894 1742 1870
368         1 1 1732 1873 1733 1874 1744 1896 1743 1872
369         1 1 1733 1875 1734 1876 1745 1898 1744 1874
370         1 1 1734 1877 1735 1878 1746 1900 1745 1876
371         1 1 1735 1879 1736 1880 1747 1902 1746 1878
372         1 1 1736 1881 1737 1882 1748 1904 1747 1880
373         1 1 1737 1883 1738 1884 1749 1906 1748 1882
374         1 1 1738 1885 1739 1886 1750 1908 1749 1884
375         1 1 1740 1890 1741 1891 1752 1913 1751 1889
376         1 1 1741 1892 1742 1893 1753 1915 1752 1891
377         1 1 1742 1894 1743 1895 1754 1917 1753 1893
378         1 1 1743 1896 1744 1897 1755 1919 1754 1895
379         1 1 1744 1898 1745 1899 1756 1921 1755 1897
380         1 1 1745 1900 1746 1901 1757 1923 1756 1899
381         1 1 1746 1902 1747 1903 1758 1925 1757 1901
382         1 1 1747 1904 1748 1905 1759 1927 1758 1903
383         1 1 1748 1906 1749 1907 1760 1929 1759 1905
384         1 1 1749 1908 1750 1909 1761 1931 1760 1907
385         1 1 136 579 580 2011 1934 2018 782 783
386         1 1 2010 2182 785 784 138 252 251 2181
387         1 1 2004 2170 2005 2171 241 240 239 2169
388         1 1 762 2168 2004 2169 239 238 344 761
389         1 1 2005 2172 2006 2173 243 242 241 2171
390         1 1 2006 2174 2007 2175 245 244 243 2173
391         1 1 2007 2176 2008 2177 247 246 245 2175
392         1 1 2008 2178 2009 2179 249 248 247 2177
393         1 1 2009 2180 2010 2181 251 250 249 2179
394         1 1 592 593 337 806 805 2032 1940 2017
395         1 1 580 581 582 2012 1935 2020 1934 2011
396         1 1 582 583 584 2013 1936 2022 1935 2012
397         1 1 584 585 586 2014 1937 2024 1936 2013
398         1 1 586 587 588 2015 1938 2026 1937 2014
399         1 1 588 589 590 2016 1939 2028 1938 2015
400         1 1 590 591 592 2017 1940 2030 1939 2016
401         1 1 764 2153 1997 2154 2004 2168 762 763
402         1 1 766 2138 1990 2139 1997 2153 764 765
403         1 1 768 2123 1983 2124 1990 2138 766 767
404         1 1 770 2108 1976 2109 1983 2123 768 769
405         1 1 772 2093 1969 2094 1976 2108 770 771
406         1 1 774 2078 1962 2079 1969 2093 772 773
407         1 1 776 2063 1955 2064 1962 2078 774 775
408         1 1 778 2048 1948 2049 1955 2063 776 777
409         1 1 780 2033 1941 2034 1948 2048 778 779
410         1 1 782 2018 1934 2019 1941 2033 780 781
411         1 1 2003 2167 787 786 785 2182 2010 2166
412         1 1 1996 2152 789 788 787 2167 2003 2151
413         1 1 1989 2137 791 790 789 2152 1996 2136
414         1 1 1982 2122 793 792 791 2137 1989 2121
415         1 1 1975 2107 795 794 793 2122 1982 2106
416         1 1 1968 2092 797 796 795 2107 1975 2091
417         1 1 1961 2077 799 798 797 2092 1968 2076
418         1 1 1954 2062 801 800 799 2077 1961 2061
419         1 1 1947 2047 803 802 801 2062 1954 2046
420         1 1 1940 2032 805 804 803 2047 1947 2031
421         1 1 1934 2020 1935 2021 1942 2035 1941 2019
422         1 1 1935 2022 1936 2023 1943 2037 1942 2021
423         1 1 1936 2024 1937 2025 1944 2039 1943 2023
424         1 1 1937 2026 1938 2027 1945 2041 1944 2025
425         1 1 1938 2028 1939 2029 1946 2043 1945 2027
426         1 1 1939 2030 1940 2031 1947 2045 1946 2029
427         1 1 1941 2035 1942 2036 1949 2050 1948 2034
428         1 1 1942 2037 1943 2038 1950 2052 1949 2036
429         1 1 1943 2039 1944 2040 1951 2054 1950 2038
430         1 1 1944 2041 1945 2042 1952 2056 1951 2040
431         1 1 1945 2043 1946 2044 1953 2058 1952 2042
432         1 1 1946 2045 1947 2046 1954 2060 1953 2044
433         1 1 1948 2050 1949 2051 1956 2065 1955 2049
434         1 1 1949 2052 1950 2053 1957 2067 1956 2051
435         1 1 1950 2054 1951 2055 1958 2069 1957 2053
436         1 1 1951 2056 1952 2057 1959 2071 1958 2055
437         1 1 1952 2058 1953 2059 1960 2073 1959 2057
438         1 1 1953 2060 1954 2061 1961 2075 1960 2059
439         1 1 1955 2065 1956 2066 1963 2080 1962 2064
440         1 1 1956 2067 1957 2068 1964 2082 1963 2066
441         1 1 1957 2069 1958 2070 1965 2084 1964 2068
442         1 1 1958 2071 1959 2072 1966 2086 1965 2070
443         1 1 1959 2073 1960 2074 1967 2088 1966 2072
444         1 1 1960 2075 1961 2076 1968 2090 1967 2074
445         1 1 1962 2080 1963 2081 1970 2095 1969 2079
446         1 1 1963 2082 1964 2083 1971 2097 1970 2081
447         1 1 1964 2084 1965 2085 1972 2099 1971 2083
448         1 1 1965 2086 1966 2087 1973 2101 1972 2085
449         1 1 1966 2088 1967 2089 1974 2103 1973 2087
450         1 1 1967 2090 1968 2091 1975 2105 1974 2089
451         1 1 1969 2095 1970 2096 1977 2110 1976 2094
452         1 1 1970 2097 1971 2098 1978 2112 1977 2096
453         1 1 1971 2099 1972 2100 1979 2114 1978 2098
454         1 1 1972 2101 1973 2102 1980 2116 1979 2100
455         1 1 1973 2103 1974 2104 1981 2118 1980 2102
456         1 1 1974 2105 1975 2106 1982 2120 1981 2104
457         1 1 1976 2110 1977 2111 1984 2125 1983 2109
458         1 1 1977 2112 1978 2113 1985 2127 1984 2111
459         1 1 1978 2114 1979 2115 1986 2129 1985 2113
460         1 1 1979 2116 1980 2117 1987 2131 1986 2115
461         1 1 1980 2118 1981 2119 1988 2133 1987 2117
462         1 1 1981 2120 1982 2121 1989 2135 1988 2119
463         1 1 1983 2125 1984 2126 1991 2140 1990 2124
464         1 1 1984 2127 1985 2128 1992 2142 1991 2126
465         1 1 1985 2129 1986 2130 1993 2144 1992 2128
466         1 1 1986 2131 1987 2132 1994 2146 1993 2130
467         1 1 1987 2133 1988 2134 1995 2148 1994 2132
468         1 1 1988 2135 1989 2136 1996 2150 1995 2134
469         1 1 1990 2140 1991 2141 1998 2155 1997 2139
470         1 1 1991 2142 1992 2143 1999 2157 1998 2141
471         1 1 1992 2144 1993 2145 2000 2159 1999 2143
472         1 1 1993 2146 1994 2147 2001 2161 2000 2145
473         1 1 1994 2148 1995 2149 2002 2163 2001 2147
474         1 1 1995 2150 1996 2151 2003 2165 2002 2149
475         1 1 1997 2155 1998 2156 2005 2170 2004 2154
476         1 1 1998 2157 1999 2158 2006 2172 2005 2156
477         1 1 1999 2159 2000 2160 2007 2174 2006 2158
478         1 1 2000 2161 2001 2162 2008 2176 2007 2160
479         1 1 2001 2163 2002 2164 2009 2178 2008 2162
480         1 1 2002 2165 2003 2166 2010 2180 2009 2164
481         1 1 866 2417 2253 2418 621 622 125 865
482         1 1 2259 2431 889 888 128 608 609 2430
483         1 1 338 512 511 2260 2183 2267 886 887
484         1 1 499 498 341 910 909 2281 2189 2266
485         1 1 501 500 499 2266 2189 2279 2188 2265
486         1 1 503 502 501 2265 2188 2277 2187 2264
487         1 1 505 504 503 2264 2187 2275 2186 2263
488         1 1 507 506 505 2263 2186 2273 2185 2262
489         1 1 509 508 507 2262 2185 2271 2184 2261
490         1 1 511 510 509 2261 2184 2269 2183 2260
491         1 1 2258 2429 2259 2430 609 610 611 2428
492         1 1 2257 2427 2258 2428 611 612 613 2426
493         1 1 2256 2425 2257 2426 613 614 615 2424
494         1 1 2255 2423 2256 2424 615 616 617 2422
495         1 1 2254 2421 2255 2422 617 618 619 2420
496         1 1 2253 2419 2254 2420 619 620 621 2418
497         1 1 868 2402 2246 2403 2253 2417 866 867
498         1 1 870 2387 2239 2388 2246 2402 868 869
499         1 1 872 2372 2232 2373 2239 2387 870 871
500         1 1 874 2357 2225 2358 2232 2372 872 873
501         1 1 876 2342 2218 2343 2225 2357 874 875
502         1 1 878 2327 2211 2328 2218 2342 876 877
503         1 1 880 2312 2204 2313 2211 2327 878 879
504         1 1 882 2297 2197 2298 2204 2312 880 881
505         1 1 884 2282 2190 2283 2197 2297 882 883
506         1 1 886 2267 2183 2268 2190 2282 884 885
507         1 1 2252 2416 891 890 889 2431 2259 2415
508         1 1 2245 2401 893 892 891 2416 2252 2400
509         1 1 2238 2386 895 894 893 2401 2245 2385
510         1 1 2231 2371 897 896 895 2386 2238 2370
511         1 1 2224 2356 899 898 897 2371 2231 2355
512         1 1 2217 2341 901 900 899 2356 2224 2340
513         1 1 2210 2326 903 902 901 2341 2217 2325
514         1 1 2203 2311 905 904 903 2326 2210 2310
515         1 1 2196 2296 907 906 905 2311 2203 2295
516         1 1 2189 2281 909 908 907 2296 2196 2280
517         1 1 2183 2269 2184 2270 2191 2284 2190 2268
518         1 1 2184 2271 2185 2272 2192 2286 2191 2270
519         1 1 2185 2273 2186 2274 2193 2288 2192 2272
520         1 1 2186 2275 2187 2276 2194 2290 2193 2274
521         1 1 2187 2277 2188 2278 2195 2292 2194 2276
522         1 1 2188 2279 2189 2280 2196 2294 2195 2278
523         1 1 2190 2284 2191 2285 2198 2299 2197 2283
524         1 1 2191 2286 2192 2287 2199 2301 2198 2285
525         1 1 2192 2288 2193 2289 2200 2303 2199 2287
526         1 1 2193 2290 2194 2291 2201 2305 2200 2289
527         1 1 2194 2292 2195 2293 2202 2307 2201 2291
528         1 1 2195 2294 2196 2295 2203 2309 2202 2293
529         1 1 2197 2299 2198 2300 2205 2314 2204 2298
530         1 1 2198 2301 2199 2302 2206 2316 2205 2300
531         1 1 2199 2303 2200 2304 2207 2318 2206 2302
532         1 1 2200 2305 2201 2306 2208 2320 2207 2304
533         1 1 2201 2307 2202 2308 2209 2322 2208 2306
534         1 1 2202 2309 2203 2310 2210 2324 2209 2308
535         1 1 2204 2314 2205 2315 2212 2329 2211 2313
536         1 1 2205 2316 2206 2317 2213 2331 2212 2315
537         1 1 2206 2318 2207 2319 2214 2333 2213 2317
538         1 1 2207 2320 2208 2321 2215 2335 2214 2319
539         1 1 2208 2322 2209 2323 2216 2337 2215 2321
540         1 1 2209 2324 2210 2325 2217 2339 2216 2323
541         1 1 2211 2329 2212 2330 2219 2344 2218 2328
542         1 1 2212 2331 2213 2332 2220 2346 2219 2330
543         1 1 2213 2333 2214 2334 2221 2348 2220 2332
544         1 1 2214 2335 2215 2336 2222 2350 2221 2334
545         1 1 2215 2337 2216 2338 2223 2352 2222 2336
546         1 1 2216 2339 2217 2340 2224 2354 2223 2338
547         1 1 2218 2344 2219 2345 2226 2359 2225 2343
548         1 1 2219 2346 2220 2347 2227 2361 2226 2345
549         1 1 2220 2348 2221 2349 2228 2363 2227 2347
550         1 1 2221 2350 2222 2351 2229 2365 2228 2349
551         1 1 2222 2352 2223 2353 2230 2367 2229 2351
552         1 1 2223 2354 2224 2355 2231 2369 2230 2353
553         1 1 2225 2359 2226 2360 2233 2374 2232 2358
554         1 1 2226 2361 2227 2362 2234 2376 2233 2360
555         1 1 2227 2363 2228 2364 2235 2378 2234 2362
556         1 1 2228 2365 2229 2366 2236 2380 2235 2364
557         1 1 2229 2367 2230 2368 2237 2382 2236 2366
558         1 1 2230 2369 2231 2370 2238 2384 2237 2368
559         1 1 2232 2374 2233 2375 2240 2389 2239 2373
560         1 1 2233 2376 2234 2377 2241 2391 2240 2375
561         1 1 2234 2378 2235 2379 2242 2393 2241 2377
562         1 1 2235 2380 2236 2381 2243 2395 2242 2379
563         1 1 2236 2382 2237 2383 2244 2397 2243 2381
564         1 1 2237 2384 2238 2385 2245 2399 2244 2383
565         1 1 2239 2389 2240 2390 2247 2404 2246 2388
566         1 1 2240 2391 2241 2392 2248 2406 2247 2390
567         1 1 2241 2393 2242 2394 2249 2408 2248 2392
568         1 1 2242 2395 2243 2396 2250 2410 2249 2394
569         1 1 2243 2397 2244 2398 2251 2412 2250 2396
570         1 1 2244 2399 2245 2400 2252 2414 2251 2398
571         1 1 2246 2404 2247 2405 2254 2419 2253 2403
572         1 1 2247 2406 2248 2407 2255 2421 2254 2405
573         1 1 2248 2408 2249 2409 2256 2423 2255 2407
574         1 1 2249 2410 2250 2411 2257 2425 2256 2409
575         1 1 2250 2412 2251 2413 2258 2427 2257 2411
576         1 1 2251 2414 2252 2415 2259 2429 2258 2413
577         1 1 2567 2814 2568 2815 48 49 50 2813
578         1 1 2568 2816 624 623 343 47 48 2815
579         1 1 2566 2812 2567 2813 50 51 52 2811
580         1 1 2565 2810 2566 2811 52 53 54 2809
581         1 1 2564 2808 2565 2809 54 55 56 2807
582         1 1 2563 2806 2564 2807 56 57 58 2805
583         1 1 2562 2804 2563 2805 58 59 60 2803
584         1 1 2561 2802 2562 2803 60 61 62 2801
585         1 1 2560 2800 2561 2801 62 63 64 2799
586         1 1 2559 2798 2560 2799 64 65 66 2797
587         1 1 2558 2796 2559 2797 66 67 68 2795
588         1 1 71 2794 2558 2795 68 69 355 70
589         1 1 73 2771 2547 2772 2558 2794 71 72
590         1 1 75 2748 2536 2749 2547 2771 73 74
591         1 1 77 2725 2525 2726 2536 2748 75 76
592         1 1 79 2702 2514 2703 2525 2725 77 78
593         1 1 81 2679 2503 2680 2514 2702 79 80
594         1 1 83 2656 2492 2657 2503 2679 81 82
595         1 1 85 2633 2481 2634 2492 2656 83 84
596         1 1 87 2610 2470 2611 2481 2633 85 86
597         1 1 89 2587 2459 2588 2470 2610 87 88
598         1 1 91 2443 2448 2444 2459 2587 89 90
599         1 1 149 668 667 2432 2448 2443 91 92
600         1 1 647 646 158 645 644 2586 2458 2442
601         1 1 2557 2793 626 625 624 2816 2568 2792
602         1 1 2546 2770 628 627 626 2793 2557 2769
603         1 1 2535 2747 630 629 628 2770 2546 2746
604         1 1 2524 2724 632 631 630 2747 2535 2723
605         1 1 2513 2701 634 633 632 2724 2524 2700
606         1 1 2502 2678 636 635 634 2701 2513 2677
607         1 1 2491 2655 638 637 636 2678 2502 2654
608         1 1 2480 2632 640 639 638 2655 2491 2631
609         1 1 2469 2609 642 641 640 2632 2480 2608
610         1 1 2458 2586 644 643 642 2609 2469 2585
611         1 1 649 648 647 2442 2458 2584 2457 2441
612         1 1 651 650 649 2441 2457 2582 2456 2440
613         1 1 653 652 651 2440 2456 2580 2455 2439
614         1 1 655 654 653 2439 2455 2578 2454 2438
615         1 1 657 656 655 2438 2454 2576 2453 2437
616         1 1 659 658 657 2437 2453 2574 2452 2436
617         1 1 661 660 659 2436 2452 2572 2451 2435
618         1 1 663 662 661 2435 2451 2570 2450 2434
619         1 1 665 664 663 2434 2450 2447 2449 2433
620         1 1 667 666 665 2433 2449 2445 2448 2432
621         1 1 2448 2445 2449 2446 2460 2589 2459 2444
622         1 1 2449 2447 2450 2569 2461 2591 2460 2446
623         1 1 2450 2570 2451 2571 2462 2593 2461 2569
624         1 1 2451 2572 2452 2573 2463 2595 2462 2571
625         1 1 2452 2574 2453 2575 2464 2597 2463 2573
626         1 1 2453 2576 2454 2577 2465 2599 2464 2575
627         1 1 2454 2578 2455 2579 2466 2601 2465 2577
628         1 1 2455 2580 2456 2581 2467 2603 2466 2579
629         1 1 2456 2582 2457 2583 2468 2605 2467 2581
630         1 1 2457 2584 2458 2585 2469 2607 2468 2583
631         1 1 2459 2589 2460 2590 2471 2612 2470 2588
632         1 1 2460 2591 2461 2592 2472 2614 2471 2590
633         1 1 2461 2593 2462 2594 2473 2616 2472 2592
634         1 1 2462 2595 2463 2596 2474 2618 2473 2594
635         1 1 2463 2597 2464 2598 2475 2620 2474 2596
636         1 1 2464 2599 2465 2600 2476 2622 2475 2598
637         1 1 2465 2601 2466 2602 2477 2624 2476 2600
638         1 1 2466 2603 2467 2604 2478 2626 2477 2602
639         1 1 2467 2605 2468 2606 2479 2628 2478 2604
640         1 1 2468 2607 2469 2608 2480 2630 2479 2606
641         1 1 2470 2612 2471 2613 2482 2635 2481 2611
642         1 1 2471 2614 2472 2615 2483 2637 2482 2613
643         1 1 2472 2616 2473 2617 2484 2639 2483 2615
644         1 1 2473 2618 2474 2619 2485 2641 2484 2617
645         1 1 2474 2620 2475 2621 2486 2643 2485 2619
646         1 1 2475 2622 2476 2623 2487 2645 2486 2621
647         1 1 2476 2624 2477 2625 2488 2647 2487 2623
648         1 1 2477 2626 2478 2627 2489 2649 2488 2625
649         1 1 2478 2628 2479 2629 2490 2651 2489 2627
650         1 1 2479 2630 2480 2631 2491 2653 2490 2629
651         1 1 2481 2635 2482 2636 2493 2658 2492 2634
652         1 1 2482 2637 2483 2638 2494 2660 2493 2636
653         1 1 2483 2639 2484 2640 2495 2662 2494 2638
654         1 1 2484 2641 2485 2642 2496 2664 2495 2640
655         1 1 2485 2643 2486 2644 2497 2666 2496 2642
656         1 1 2486 2645 2487 2646 2498 2668 2497 2644
657         1 1 2487 2647 2488 2648 2499 2670 2498 2646
658         1 1 2488 2649 2489 2650 2500 2672 2499 2648
659         1 1 2489 2651 2490 2652 2501 2674 2500 2650
660         1 1 2490 2653 2491 2654 2502 2676 2501 2652
661         1 1 2492 2658 2493 2659 2504 2681 2503 2657
662         1 1 2493 2660 2494 2661 2505 2683 2504 2659
663         1 1 2494 2662 2495 2663 2506 2685 2505 2661
664         1 1 2495 2664 2496 2665 2507 2687 2506 2663
665         1 1 2496 2666 2497 2667 2508 2689 2507 2665
666         1 1 2497 2668 2498 2669 2509 2691 2508 2667
667         1 1 2498 2670 2499 2671 2510 2693 2509 2669
668         1 1 2499 2672 2500 2673 2511 2695 2510 2671
669         1 1 2500 2674 2501 2675 2512 2697 2511 2673
670         1 1 2501 2676 2502 2677 2513 2699 2512 2675
671         1 1 2503 2681 2504 2682 2515 2704 2514 2680
672         1 1 2504 2683 2505 2684 2516 2706 2515 2682
673         1 1 2505 2685 2506 2686 2517 2708 2516 2684
674         1 1 2506 2687 2507 2688 2518 2710 2517 2686
675         1 1 2507 2689 2508 2690 2519 2712 2518 2688
676         1 1 2508 2691 2509 2692 2520 2714 2519 2690
677         1 1 2509 2693 2510 2694 2521 2716 2520 2692
678         1 1 2510 2695 2511 2696 2522 2718 2521 2694
679         1 1 2511 2697 2512 2698 2523 2720 2522 2696
680         1 1 2512 2699 2513 2700 2524 2722 2523 2698
681         1 1 2514 2704 2515 2705 2526 2727 2525 2703
682         1 1 2515 2706 2516 2707 2527 2729 2526 2705
683         1 1 2516 2708 2517 2709 2528 2731 2527 2707
684         1 1 2517 2710 2518 2711 2529 2733 2528 2709
685         1 1 2518 2712 2519 2713 2530 2735 2529 2711
686         1 1 2519 2714 2520 2715 2531 2737 2530 2713
687         1 1 2520 2716 2521 2717 2532 2739 2531 2715
688         1 1 2521 2718 2522 2719 2533 2741 2532 2717
689         1 1 2522 2720 2523 2721 2534 2743 2533 2719
690         1 1 2523 2722 2524 2723 2535 2745 2534 2721
691         1 1 2525 2727 2526 2728 2537 2750 2536 2726
692         1 1 2526 2729 2527 2730 2538 2752 2537 2728
693         1 1 2527 2731 2528 2732 2539 2754 2538 2730
694         1 1 2528 2733 2529 2734 2540 2756 2539 2732
695         1 1 2529 2735 2530 2736 2541 2758 2540 2734
696         1 1 2530 2737 2531 2738 2542 2760 2541 2736
697         1 1 2531 2739 2532 2740 2543 2762 2542 2738
698         1 1 2532 2741 2533 2742 2544 2764 2543 2740
699         1 1 2533 2743 2534 2744 2545 2766 2544 2742
700         1 1 2534 2745 2535 2746 2546 2768 2545 2744
701         1 1 2536 2750 2537 2751 2548 2773 2547 2749
702         1 1 2537 2752 2538 2753 2549 2775 2548 2751
703         1 1 2538 2754 2539 2755 2550 2777 2549 2753
704         1 1 2539 2756 2540 2757 2551 2779 2550 2755
705         1 1 2540 2758 2541 2759 2552 2781 2551 2757
706         1 1 2541 2760 2542 2761 2553 2783 2552 2759
707         1 1 2542 2762 2543 2763 2554 2785 2553 2761
708         1 1 2543 2764 2544 2765 2555 2787 2554 2763
709         1 1 2544 2766 2545 2767 2556 2789 2555 2765
710         1 1 2545 2768 2546 2769 2557 2791 2556 2767
711         1 1 2547 2773 2548 2774 2559 2796 2558 2772
712         1 1 2548 2775 2549 2776 2560 2798 2559 2774
713         1 1 2549 2777 2550 2778 2561 2800 2560 2776
714         1 1 2550 2779 2551 2780 2562 2802 2561 2778
715         1 1 2551 2781 2552 2782 2563 2804 2562 2780
716         1 1 2552 2783 2553 2784 2564 2806 2563 2782
717         1 1 2553 2785 2554 2786 2565 2808 2564 2784
718         1 1 2554 2787 2555 2788 2566 2810 2565 2786
719         1 1 2555 2789 2556 2790 2567 2812 2566 2788
720         1 1 2556 2791 2557 2792 2568 2814 2567 2790
721         1 1 124 475 474 2838 2817 2841 219 220
722         1 1 207 2883 2835 2884 299 298 159 206
723         1 1 2819 2847 161 162 163 2854 2822 2846
724         1 1 470 469 340 160 161 2847 2819 2840
725         1 1 2822 2854 163 164 165 2861 2825 2853
726         1 1 2825 2861 165 166 167 2868 2828 2860
727         1 1 2828 2868 167 168 169 2875 2831 2867
728         1 1 2831 2875 169 170 171 2882 2834 2874
729         1 1 2834 2882 171 172 173 2889 2837 2881
730         1 1 2837 2889 173 174 339 304 303 2888
731         1 1 209 2876 2832 2877 2835 2883 207 208
732         1 1 211 2869 2829 2870 2832 2876 209 210
733         1 1 213 2862 2826 2863 2829 2869 211 212
734         1 1 215 2855 2823 2856 2826 2862 213 214
735         1 1 217 2848 2820 2849 2823 2855 215 216
736         1 1 219 2841 2817 2842 2820 2848 217 218
737         1 1 2835 2885 2836 2886 301 300 299 2884
738         1 1 2836 2887 2837 2888 303 302 301 2886
739         1 1 472 471 470 2840 2819 2845 2818 2839
740         1 1 474 473 472 2839 2818 2843 2817 2838
741         1 1 2817 2843 2818 2844 2821 2850 2820 2842
742         1 1 2818 2845 2819 2846 2822 2852 2821 2844
743         1 1 2820 2850 2821 2851 2824 2857 2823 2849
744         1 1 2821 2852 2822 2853 2825 2859 2824 2851
745         1 1 2823 2857 2824 2858 2827 2864 2826 2856
746         1 1 2824 2859 2825 2860 2828 2866 2827 2858
747         1 1 2826 2864 2827 2865 2830 2871 2829 2863
748         1 1 2827 2866 2828 2867 2831 2873 2830 2865
749         1 1 2829 2871 2830 2872 2833 2878 2832 2870
750         1 1 2830 2873 2831 2874 2834 2880 2833 2872
751         1 1 2832 2878 2833 2879 2836 2885 2835 2877
752         1 1 2833 2880 2834 2881 2837 2887 2836 2879
753         1 1 2910 2962 251 252 138 858 859 2961
754         1 1 159 230 231 2911 2890 2914 188 189
755         1 1 178 2949 2905 2950 2908 2956 176 177
756         1 1 176 2956 2908 2957 863 864 253 175
757         1 1 180 2942 2902 2943 2905 2949 178 179
758         1 1 182 2935 2899 2936 2902 2942 180 181
759         1 1 184 2928 2896 2929 2899 2935 182 183
760         1 1 186 2921 2893 2922 2896 2928 184 185
761         1 1 188 2914 2890 2915 2893 2921 186 187
762         1 1 231 232 233 2912 2891 2916 2890 2911
763         1 1 233 234 235 2913 2892 2918 2891 2912
764         1 1 235 236 344 238 239 2920 2892 2913
765         1 1 2892 2920 239 240 241 2927 2895 2919
766         1 1 2895 2927 241 242 243 2934 2898 2926
767         1 1 2898 2934 243 244 245 2941 2901 2933
768         1 1 2901 2941 245 246 247 2948 2904 2940
769         1 1 2904 2948 247 248 249 2955 2907 2947
770         1 1 2907 2955 249 250 251 2962 2910 2954
771         1 1 2909 2960 2910 2961 859 860 861 2959
772         1 1 2908 2958 2909 2959 861 862 863 2957
773         1 1 2890 2916 2891 2917 2894 2923 2893 2915
774         1 1 2891 2918 2892 2919 2895 2925 2894 2917
775         1 1 2893 2923 2894 2924 2897 2930 2896 2922
776         1 1 2894 2925 2895 2926 2898 2932 2897 2924
777         1 1 2896 2930 2897 2931 2900 2937 2899 2929
778         1 1 2897 2932 2898 2933 2901 2939 2900 2931
779         1 1 2899 2937 2900 2938 2903 2944 2902 2936
780         1 1 2900 2939 2901 2940 2904 2946 2903 2938
781         1 1 2902 2944 2903 2945 2906 2951 2905 2943
782         1 1 2903 2946 2904 2947 2907 2953 2906 2945
783         1 1 2905 2951 2906 2952 2909 2958 2908 2950
784         1 1 2906 2953 2907 2954 2910 2960 2909 2952
785         1 1 124 476 477 2984 2963 2991 831 830
786         1 1 489 490 229 843 842 3005 2969 2990
787         1 1 835 3021 2977 3022 511 512 338 836
788         1 1 2983 3035 838 837 341 498 499 3034
789         1 1 477 478 479 2985 2964 2993 2963 2984
790         1 1 479 480 481 2986 2965 2995 2964 2985
791         1 1 481 482 483 2987 2966 2997 2965 2986
792         1 1 483 484 485 2988 2967 2999 2966 2987
793         1 1 485 486 487 2989 2968 3001 2967 2988
794         1 1 487 488 489 2990 2969 3003 2968 2989
795         1 1 2982 3033 2983 3034 499 500 501 3032
796         1 1 2981 3031 2982 3032 501 502 503 3030
797         1 1 2980 3029 2981 3030 503 504 505 3028
798         1 1 2979 3027 2980 3028 505 506 507 3026
799         1 1 2978 3025 2979 3026 507 508 509 3024
800         1 1 2977 3023 2978 3024 509 510 511 3022
801         1 1 831 2991 2963 2992 2970 3006 833 832
802         1 1 833 3006 2970 3007 2977 3021 835 834
803         1 1 2976 3020 840 839 838 3035 2983 3019
804         1 1 2969 3005 842 841 840 3020 2976 3004
805         1 1 2963 2993 2964 2994 2971 3008 2970 2992
806         1 1 2964 2995 2965 2996 2972 3010 2971 2994
807         1 1 2965 2997 2966 2998 2973 3012 2972 2996
808         1 1 2966 2999 2967 3000 2974 3014 2973 2998
809         1 1 2967 3001 2968 3002 2975 3016 2974 3000
810         1 1 2968 3003 2969 3004 2976 3018 2975 3002
811         1 1 2970 3008 2971 3009 2978 3023 2977 3007
812         1 1 2971 3010 2972 3011 2979 3025 2978 3009
813         1 1 2972 3012 2973 3013 2980 3027 2979 3011
814         1 1 2973 3014 2974 3015 2981 3029 2980 3013
815         1 1 2974 3016 2975 3017 2982 3031 2981 3015
816         1 1 2975 3018 2976 3019 2983 3033 2982 3017
817         1 1 124 830 831 3036 356 3039 474 475
818         1 1 364 3059 312 313 158 284 285 3058
819         1 1 363 3057 364 3058 285 286 287 3056
820         1 1 362 3055 363 3056 287 288 289 3054
821         1 1 470 3053 362 3054 289 290 340 469
822         1 1 358 3045 308 309 310 3052 361 3044
823         1 1 835 836 338 307 308 3045 358 3038
824         1 1 361 3052 310 311 312 3059 364 3051
825         1 1 356 3041 357 3042 360 3048 359 3040
826         1 1 831 832 833 3037 357 3041 356 3036
827         1 1 474 3039 356 3040 359 3046 472 473
828         1 1 357 3043 358 3044 361 3050 360 3042
829         1 1 833 834 835 3038 358 3043 357 3037
830         1 1 359 3048 360 3049 363 3055 362 3047
831         1 1 472 3046 359 3047 362 3053 470 471
832         1 1 360 3050 361 3051 364 3057 363 3049
833         1 1 282 283 157 291 292 3078 3062 3071
834         1 1 299 3086 3066 3087 231 230 159 298
835         1 1 3066 3088 3067 3089 233 232 231 3087
836         1 1 3067 3090 3068 3091 235 234 233 3089
837         1 1 3068 3092 296 297 344 236 235 3091
838         1 1 278 279 280 3070 3061 3074 3060 3069
839         1 1 339 277 278 3069 3060 3072 303 304
840         1 1 280 281 282 3071 3062 3076 3061 3070
841         1 1 3062 3078 292 293 294 3085 3065 3077
842         1 1 3065 3085 294 295 296 3092 3068 3084
843         1 1 301 3079 3063 3080 3066 3086 299 300
844         1 1 303 3072 3060 3073 3063 3079 301 302
845         1 1 3060 3074 3061 3075 3064 3081 3063 3073
846         1 1 3061 3076 3062 3077 3065 3083 3064 3075
847         1 1 3063 3081 3064 3082 3067 3088 3066 3080
848         1 1 3064 3083 3065 3084 3068 3090 3067 3082
849         1 1 3095 3111 130 131 132 3118 3098 3110
850         1 1 859 858 138 129 130 3111 3095 3104
851         1 1 3098 3118 132 133 134 3125 3101 3117
852         1 1 3101 3125 134 135 347 348 349 3124
853         1 1 253 864 863 3102 3093 3105 856 857
854         1 1 852 3119 3099 3120 353 354 346 851
855         1 1 3100 3123 3101 3124 349 350 351 3122
856         1 1 3099 3121 3100 3122 351 352 353 3120
857         1 1 854 3112 3096 3113 3099 3119 852 853
858         1 1 856 3105 3093 3106 3096 3112 854 855
859         1 1 861 860 859 3104 3095 3109 3094 3103
860         1 1 863 862 861 3103 3094 3107 3093 3102
861         1 1 3093 3107 3094 3108 3097 3114 3096 3106
862         1 1 3094 3109 3095 3110 3098 3116 3097 3108
863         1 1 3096 3114 3097 3115 3100 3121 3099 3113
864         1 1 3097 3116 3098 3117 3101 3123 3100 3115
865         1 1 94 95 96 3127 3143 3139 3142 3126
866         1 1 190 93 94 3126 3142 3137 736 737
867         1 1 96 97 98 3128 3144 3141 3143 3127
868         1 1 98 99 100 3129 3145 3264 3144 3128
869         1 1 100 101 102 3130 3146 3266 3145 3129
870         1 1 102 103 104 3131 3147 3268 3146 3130
871         1 1 104 105 106 3132 3148 3270 3147 3131
872         1 1 106 107 108 3133 3149 3272 3148 3132
873         1 1 108 109 110 3134 3150 3274 3149 3133
874         1 1 110 111 112 3135 3151 3276 3150 3134
875         1 1 112 113 114 3136 3152 3278 3151 3135
876         1 1 114 115 4800 314 315 3280 3152 3136
877         1 1 716 3488 3252 3489 739 738 157 715
878         1 1 3262 3510 335 336 237 760 759 3509
879         1 1 3152 3280 315 316 317 3303 3163 3279
880         1 1 3163 3303 317 318 319 3326 3174 3302
881         1 1 3174 3326 319 320 321 3349 3185 3325
882         1 1 3185 3349 321 322 323 3372 3196 3348
883         1 1 3196 3372 323 324 325 3395 3207 3371
884         1 1 3207 3395 325 326 327 3418 3218 3394
885         1 1 3218 3418 327 328 329 3441 3229 3417
886         1 1 3229 3441 329 330 331 3464 3240 3440
887         1 1 3240 3464 331 332 333 3487 3251 3463
888         1 1 3251 3487 333 334 335 3510 3262 3486
889         1 1 718 3465 3241 3466 3252 3488 716 717
890         1 1 720 3442 3230 3443 3241 3465 718 719
891         1 1 722 3419 3219 3420 3230 3442 720 721
892         1 1 724 3396 3208 3397 3219 3419 722 723
893         1 1 726 3373 3197 3374 3208 3396 724 725
894         1 1 728 3350 3186 3351 3197 3373 726 727
895         1 1 730 3327 3175 3328 3186 3350 728 729
896         1 1 732 3304 3164 3305 3175 3327 730 731
897         1 1 734 3281 3153 3282 3164 3304 732 733
898         1 1 736 3137 3142 3138 3153 3281 734 735
899         1 1 3252 3490 3253 3491 741 740 739 3489
900         1 1 3253 3492 3254 3493 743 742 741 3491
901         1 1 3254 3494 3255 3495 745 744 743 3493
902         1 1 3255 3496 3256 3497 747 746 745 3495
903         1 1 3256 3498 3257 3499 749 748 747 3497
904         1 1 3257 3500 3258 3501 751 750 749 3499
905         1 1 3258 3502 3259 3503 753 752 751 3501
906         1 1 3259 3504 3260 3505 755 754 753 3503
907         1 1 3260 3506 3261 3507 757 756 755 3505
908         1 1 3261 3508 3262 3509 759 758 757 3507
909         1 1 3142 3139 3143 3140 3154 3283 3153 3138
910         1 1 3143 3141 3144 3263 3155 3285 3154 3140
911         1 1 3144 3264 3145 3265 3156 3287 3155 3263
912         1 1 3145 3266 3146 3267 3157 3289 3156 3265
913         1 1 3146 3268 3147 3269 3158 3291 3157 3267
914         1 1 3147 3270 3148 3271 3159 3293 3158 3269
915         1 1 3148 3272 3149 3273 3160 3295 3159 3271
916         1 1 3149 3274 3150 3275 3161 3297 3160 3273
917         1 1 3150 3276 3151 3277 3162 3299 3161 3275
918         1 1 3151 3278 3152 3279 3163 3301 3162 3277
919         1 1 3153 3283 3154 3284 3165 3306 3164 3282
920         1 1 3154 3285 3155 3286 3166 3308 3165 3284
921         1 1 3155 3287 3156 3288 3167 3310 3166 3286
922         1 1 3156 3289 3157 3290 3168 3312 3167 3288
923         1 1 3157 3291 3158 3292 3169 3314 3168 3290
924         1 1 3158 3293 3159 3294 3170 3316 3169 3292
925         1 1 3159 3295 3160 3296 3171 3318 3170 3294
926         1 1 3160 3297 3161 3298 3172 3320 3171 3296
927         1 1 3161 3299 3162 3300 3173 3322 3172 3298
928         1 1 3162 3301 3163 3302 3174 3324 3173 3300
929         1 1 3164 3306 3165 3307 3176 3329 3175 3305
930         1 1 3165 3308 3166 3309 3177 3331 3176 3307
931         1 1 3166 3310 3167 3311 3178 3333 3177 3309
932         1 1 3167 3312 3168 3313 3179 3335 3178 3311
933         1 1 3168 3314 3169 3315 3180 3337 3179 3313
934         1 1 3169 3316 3170 3317 3181 3339 3180 3315
935         1 1 3170 3318 3171 3319 3182 3341 3181 3317
936         1 1 3171 3320 3172 3321 3183 3343 3182 3319
937         1 1 3172 3322 3173 3323 3184 3345 3183 3321
938         1 1 3173 3324 3174 3325 3185 3347 3184 3323
939         1 1 3175 3329 3176 3330 3187 3352 3186 3328
940         1 1 3176 3331 3177 3332 3188 3354 3187 3330
941         1 1 3177 3333 3178 3334 3189 3356 3188 3332
942         1 1 3178 3335 3179 3336 3190 3358 3189 3334
943         1 1 3179 3337 3180 3338 3191 3360 3190 3336
944         1 1 3180 3339 3181 3340 3192 3362 3191 3338
945         1 1 3181 3341 3182 3342 3193 3364 3192 3340
946         1 1 3182 3343 3183 3344 3194 3366 3193 3342
947         1 1 3183 3345 3184 3346 3195 3368 3194 3344
948         1 1 3184 3347 3185 3348 3196 3370 3195 3346
949         1 1 3186 3352 3187 3353 3198 3375 3197 3351
950         1 1 3187 3354 3188 3355 3199 3377 3198 3353
951         1 1 3188 3356 3189 3357 3200 3379 3199 3355
952         1 1 3189 3358 3190 3359 3201 3381 3200 3357
953         1 1 3190 3360 3191 3361 3202 3383 3201 3359
954         1 1 3191 3362 3192 3363 3203 3385 3202 3361
955         1 1 3192 3364 3193 3365 3204 3387 3203 3363
956         1 1 3193 3366 3194 3367 3205 3389 3204 3365
957         1 1 3194 3368 3195 3369 3206 3391 3205 3367
958         1 1 3195 3370 3196 3371 3207 3393 3206 3369
959         1 1 3197 3375 3198 3376 3209 3398 3208 3374
960         1 1 3198 3377 3199 3378 3210 3400 3209 3376
961         1 1 3199 3379 3200 3380 3211 3402 3210 3378
962         1 1 3200 3381 3201 3382 3212 3404 3211 3380
963         1 1 3201 3383 3202 3384 3213 3406 3212 3382
964         1 1 3202 3385 3203 3386 3214 3408 3213 3384
965         1 1 3203 3387 3204 3388 3215 3410 3214 3386
966         1 1 3204 3389 3205 3390 3216 3412 3215 3388
967         1 1 3205 3391 3206 3392 3217 3414 3216 3390
968         1 1 3206 3393 3207 3394 3218 3416 3217 3392
969         1 1 3208 3398 3209 3399 3220 3421 3219 3397
970         1 1 3209 3400 3210 3401 3221 3423 3220 3399
971         1 1 3210 3402 3211 3403 3222 3425 3221 3401
972         1 1 3211 3404 3212 3405 3223 3427 3222 3403
973         1 1 3212 3406 3213 3407 3224 3429 3223 3405
974         1 1 3213 3408 3214 3409 3225 3431 3224 3407
975         1 1 3214 3410 3215 3411 3226 3433 3225 3409
976         1 1 3215 3412 3216 3413 3227 3435 3226 3411
977         1 1 3216 3414 3217 3415 3228 3437 3227 3413
978         1 1 3217 3416 3218 3417 3229 3439 3228 3415
979         1 1 3219 3421 3220 3422 3231 3444 3230 3420
980         1 1 3220 3423 3221 3424 3232 3446 3231 3422
981         1 1 3221 3425 3222 3426 3233 3448 3232 3424
982         1 1 3222 3427 3223 3428 3234 3450 3233 3426
983         1 1 3223 3429 3224 3430 3235 3452 3234 3428
984         1 1 3224 3431 3225 3432 3236 3454 3235 3430
985         1 1 3225 3433 3226 3434 3237 3456 3236 3432
986         1 1 3226 3435 3227 3436 3238 3458 3237 3434
987         1 1 3227 3437 3228 3438 3239 3460 3238 3436
988         1 1 3228 3439 3229 3440 3240 3462 3239 3438
989         1 1 3230 3444 3231 3445 3242 3467 3241 3443
990         1 1 3231 3446 3232 3447 3243 3469 3242 3445
991         1 1 3232 3448 3233 3449 3244 3471 3243 3447
992         1 1 3233 3450 3234 3451 3245 3473 3244 3449
993         1 1 3234 3452 3235 3453 3246 3475 3245 3451
994         1 1 3235 3454 3236 3455 3247 3477 3246 3453
995         1 1 3236 3456 3237 3457 3248 3479 3247 3455
996         1 1 3237 3458 3238 3459 3249 3481 3248 3457
997         1 1 3238 3460 3239 3461 3250 3483 3249 3459
998         1 1 3239 3462 3240 3463 3251 3485 3250 3461
999         1 1 3241 3467 3242 3468 3253 3490 3252 3466
1000        1 1 3242 3469 3243 3470 3254 3492 3253 3468
1001        1 1 3243 3471 3244 3472 3255 3494 3254 3470
1002        1 1 3244 3473 3245 3474 3256 3496 3255 3472
1003        1 1 3245 3475 3246 3476 3257 3498 3256 3474
1004        1 1 3246 3477 3247 3478 3258 3500 3257 3476
1005        1 1 3247 3479 3248 3480 3259 3502 3258 3478
1006        1 1 3248 3481 3249 3482 3260 3504 3259 3480
1007        1 1 3249 3483 3250 3484 3261 3506 3260 3482
1008        1 1 3250 3485 3251 3486 3262 3508 3261 3484
1009        1 1 3646 3893 3647 3894 2 3 4 3892
1010        1 1 3647 3895 275 276 306 1 2 3894
1011        1 1 3645 3891 3646 3892 4 5 6 3890
1012        1 1 3644 3889 3645 3890 6 7 8 3888
1013        1 1 3643 3887 3644 3888 8 9 10 3886
1014        1 1 3642 3885 3643 3886 10 11 12 3884
1015        1 1 3641 3883 3642 3884 12 13 14 3882
1016        1 1 3640 3881 3641 3882 14 15 16 3880
1017        1 1 3639 3879 3640 3880 16 17 18 3878
1018        1 1 3638 3877 3639 3878 18 19 20 3876
1019        1 1 3637 3875 3638 3876 20 21 22 3874
1020        1 1 1024 3873 3637 3874 22 23 140 1025
1021        1 1 828 829 116 254 255 3665 3537 3521
1022        1 1 3537 3665 255 256 257 3688 3548 3664
1023        1 1 3548 3688 257 258 259 3711 3559 3687
1024        1 1 3559 3711 259 260 261 3734 3570 3710
1025        1 1 3570 3734 261 262 263 3757 3581 3733
1026        1 1 3581 3757 263 264 265 3780 3592 3756
1027        1 1 3592 3780 265 266 267 3803 3603 3779
1028        1 1 3603 3803 267 268 269 3826 3614 3802
1029        1 1 3614 3826 269 270 271 3849 3625 3825
1030        1 1 3625 3849 271 272 273 3872 3636 3848
1031        1 1 3636 3872 273 274 275 3895 3647 3871
1032        1 1 347 807 808 3511 3527 3522 1004 1003
1033        1 1 808 809 810 3512 3528 3524 3527 3511
1034        1 1 810 811 812 3513 3529 3526 3528 3512
1035        1 1 812 813 814 3514 3530 3649 3529 3513
1036        1 1 814 815 816 3515 3531 3651 3530 3514
1037        1 1 816 817 818 3516 3532 3653 3531 3515
1038        1 1 818 819 820 3517 3533 3655 3532 3516
1039        1 1 820 821 822 3518 3534 3657 3533 3517
1040        1 1 822 823 824 3519 3535 3659 3534 3518
1041        1 1 824 825 826 3520 3536 3661 3535 3519
1042        1 1 826 827 828 3521 3537 3663 3536 3520
1043        1 1 1004 3522 3527 3523 3538 3666 1006 1005
1044        1 1 1006 3666 3538 3667 3549 3689 1008 1007
1045        1 1 1008 3689 3549 3690 3560 3712 1010 1009
1046        1 1 1010 3712 3560 3713 3571 3735 1012 1011
1047        1 1 1012 3735 3571 3736 3582 3758 1014 1013
1048        1 1 1014 3758 3582 3759 3593 3781 1016 1015
1049        1 1 1016 3781 3593 3782 3604 3804 1018 1017
1050        1 1 1018 3804 3604 3805 3615 3827 1020 1019
1051        1 1 1020 3827 3615 3828 3626 3850 1022 1021
1052        1 1 1022 3850 3626 3851 3637 3873 1024 1023
1053        1 1 3527 3524 3528 3525 3539 3668 3538 3523
1054        1 1 3528 3526 3529 3648 3540 3670 3539 3525
1055        1 1 3529 3649 3530 3650 3541 3672 3540 3648
1056        1 1 3530 3651 3531 3652 3542 3674 3541 3650
1057        1 1 3531 3653 3532 3654 3543 3676 3542 3652
1058        1 1 3532 3655 3533 3656 3544 3678 3543 3654
1059        1 1 3533 3657 3534 3658 3545 3680 3544 3656
1060        1 1 3534 3659 3535 3660 3546 3682 3545 3658
1061        1 1 3535 3661 3536 3662 3547 3684 3546 3660
1062        1 1 3536 3663 3537 3664 3548 3686 3547 3662
1063        1 1 3538 3668 3539 3669 3550 3691 3549 3667
1064        1 1 3539 3670 3540 3671 3551 3693 3550 3669
1065        1 1 3540 3672 3541 3673 3552 3695 3551 3671
1066        1 1 3541 3674 3542 3675 3553 3697 3552 3673
1067        1 1 3542 3676 3543 3677 3554 3699 3553 3675
1068        1 1 3543 3678 3544 3679 3555 3701 3554 3677
1069        1 1 3544 3680 3545 3681 3556 3703 3555 3679
1070        1 1 3545 3682 3546 3683 3557 3705 3556 3681
1071        1 1 3546 3684 3547 3685 3558 3707 3557 3683
1072        1 1 3547 3686 3548 3687 3559 3709 3558 3685
1073        1 1 3549 3691 3550 3692 3561 3714 3560 3690
1074        1 1 3550 3693 3551 3694 3562 3716 3561 3692
1075        1 1 3551 3695 3552 3696 3563 3718 3562 3694
1076        1 1 3552 3697 3553 3698 3564 3720 3563 3696
1077        1 1 3553 3699 3554 3700 3565 3722 3564 3698
1078        1 1 3554 3701 3555 3702 3566 3724 3565 3700
1079        1 1 3555 3703 3556 3704 3567 3726 3566 3702
1080        1 1 3556 3705 3557 3706 3568 3728 3567 3704
1081        1 1 3557 3707 3558 3708 3569 3730 3568 3706
1082        1 1 3558 3709 3559 3710 3570 3732 3569 3708
1083        1 1 3560 3714 3561 3715 3572 3737 3571 3713
1084        1 1 3561 3716 3562 3717 3573 3739 3572 3715
1085        1 1 3562 3718 3563 3719 3574 3741 3573 3717
1086        1 1 3563 3720 3564 3721 3575 3743 3574 3719
1087        1 1 3564 3722 3565 3723 3576 3745 3575 3721
1088        1 1 3565 3724 3566 3725 3577 3747 3576 3723
1089        1 1 3566 3726 3567 3727 3578 3749 3577 3725
1090        1 1 3567 3728 3568 3729 3579 3751 3578 3727
1091        1 1 3568 3730 3569 3731 3580 3753 3579 3729
1092        1 1 3569 3732 3570 3733 3581 3755 3580 3731
1093        1 1 3571 3737 3572 3738 3583 3760 3582 3736
1094        1 1 3572 3739 3573 3740 3584 3762 3583 3738
1095        1 1 3573 3741 3574 3742 3585 3764 3584 3740
1096        1 1 3574 3743 3575 3744 3586 3766 3585 3742
1097        1 1 3575 3745 3576 3746 3587 3768 3586 3744
1098        1 1 3576 3747 3577 3748 3588 3770 3587 3746
1099        1 1 3577 3749 3578 3750 3589 3772 3588 3748
1100        1 1 3578 3751 3579 3752 3590 3774 3589 3750
1101        1 1 3579 3753 3580 3754 3591 3776 3590 3752
1102        1 1 3580 3755 3581 3756 3592 3778 3591 3754
1103        1 1 3582 3760 3583 3761 3594 3783 3593 3759
1104        1 1 3583 3762 3584 3763 3595 3785 3594 3761
1105        1 1 3584 3764 3585 3765 3596 3787 3595 3763
1106        1 1 3585 3766 3586 3767 3597 3789 3596 3765
1107        1 1 3586 3768 3587 3769 3598 3791 3597 3767
1108        1 1 3587 3770 3588 3771 3599 3793 3598 3769
1109        1 1 3588 3772 3589 3773 3600 3795 3599 3771
1110        1 1 3589 3774 3590 3775 3601 3797 3600 3773
1111        1 1 3590 3776 3591 3777 3602 3799 3601 3775
1112        1 1 3591 3778 3592 3779 3603 3801 3602 3777
1113        1 1 3593 3783 3594 3784 3605 3806 3604 3782
1114        1 1 3594 3785 3595 3786 3606 3808 3605 3784
1115        1 1 3595 3787 3596 3788 3607 3810 3606 3786
1116        1 1 3596 3789 3597 3790 3608 3812 3607 3788
1117        1 1 3597 3791 3598 3792 3609 3814 3608 3790
1118        1 1 3598 3793 3599 3794 3610 3816 3609 3792
1119        1 1 3599 3795 3600 3796 3611 3818 3610 3794
1120        1 1 3600 3797 3601 3798 3612 3820 3611 3796
1121        1 1 3601 3799 3602 3800 3613 3822 3612 3798
1122        1 1 3602 3801 3603 3802 3614 3824 3613 3800
1123        1 1 3604 3806 3605 3807 3616 3829 3615 3805
1124        1 1 3605 3808 3606 3809 3617 3831 3616 3807
1125        1 1 3606 3810 3607 3811 3618 3833 3617 3809
1126        1 1 3607 3812 3608 3813 3619 3835 3618 3811
1127        1 1 3608 3814 3609 3815 3620 3837 3619 3813
1128        1 1 3609 3816 3610 3817 3621 3839 3620 3815
1129        1 1 3610 3818 3611 3819 3622 3841 3621 3817
1130        1 1 3611 3820 3612 3821 3623 3843 3622 3819
1131        1 1 3612 3822 3613 3823 3624 3845 3623 3821
1132        1 1 3613 3824 3614 3825 3625 3847 3624 3823
1133        1 1 3615 3829 3616 3830 3627 3852 3626 3828
1134        1 1 3616 3831 3617 3832 3628 3854 3627 3830
1135        1 1 3617 3833 3618 3834 3629 3856 3628 3832
1136        1 1 3618 3835 3619 3836 3630 3858 3629 3834
1137        1 1 3619 3837 3620 3838 3631 3860 3630 3836
1138        1 1 3620 3839 3621 3840 3632 3862 3631 3838
1139        1 1 3621 3841 3622 3842 3633 3864 3632 3840
1140        1 1 3622 3843 3623 3844 3634 3866 3633 3842
1141        1 1 3623 3845 3624 3846 3635 3868 3634 3844
1142        1 1 3624 3847 3625 3848 3636 3870 3635 3846
1143        1 1 3626 3852 3627 3853 3638 3875 3637 3851
1144        1 1 3627 3854 3628 3855 3639 3877 3638 3853
1145        1 1 3628 3856 3629 3857 3640 3879 3639 3855
1146        1 1 3629 3858 3630 3859 3641 3881 3640 3857
1147        1 1 3630 3860 3631 3861 3642 3883 3641 3859
1148        1 1 3631 3862 3632 3863 3643 3885 3642 3861
1149        1 1 3632 3864 3633 3865 3644 3887 3643 3863
1150        1 1 3633 3866 3634 3867 3645 3889 3644 3865
1151        1 1 3634 3868 3635 3869 3646 3891 3645 3867
1152        1 1 3635 3870 3636 3871 3647 3893 3646 3869
1153        1 1 958 957 139 150 151 3962 3906 3939
1154        1 1 142 3940 3896 3941 3907 3963 144 143
1155        1 1 345 979 978 3929 3896 3940 142 141
1156        1 1 144 3963 3907 3964 3918 3986 146 145
1157        1 1 146 3986 3918 3987 955 956 342 147
1158        1 1 3928 4008 155 156 148 934 935 4007
1159        1 1 3906 3962 151 152 153 3985 3917 3961
1160        1 1 3917 3985 153 154 155 4008 3928 3984
1161        1 1 3927 4006 3928 4007 935 936 937 4005
1162        1 1 3926 4004 3927 4005 937 938 939 4003
1163        1 1 3925 4002 3926 4003 939 940 941 4001
1164        1 1 3924 4000 3925 4001 941 942 943 3999
1165        1 1 3923 3998 3924 3999 943 944 945 3997
1166        1 1 3922 3996 3923 3997 945 946 947 3995
1167        1 1 3921 3994 3922 3995 947 948 949 3993
1168        1 1 3920 3992 3921 3993 949 950 951 3991
1169        1 1 3919 3990 3920 3991 951 952 953 3989
1170        1 1 3918 3988 3919 3989 953 954 955 3987
1171        1 1 960 959 958 3939 3906 3960 3905 3938
1172        1 1 962 961 960 3938 3905 3958 3904 3937
1173        1 1 964 963 962 3937 3904 3956 3903 3936
1174        1 1 966 965 964 3936 3903 3954 3902 3935
1175        1 1 968 967 966 3935 3902 3952 3901 3934
1176        1 1 970 969 968 3934 3901 3950 3900 3933
1177        1 1 972 971 970 3933 3900 3948 3899 3932
1178        1 1 974 973 972 3932 3899 3946 3898 3931
1179        1 1 976 975 974 3931 3898 3944 3897 3930
1180        1 1 978 977 976 3930 3897 3942 3896 3929
1181        1 1 3896 3942 3897 3943 3908 3965 3907 3941
1182        1 1 3897 3944 3898 3945 3909 3967 3908 3943
1183        1 1 3898 3946 3899 3947 3910 3969 3909 3945
1184        1 1 3899 3948 3900 3949 3911 3971 3910 3947
1185        1 1 3900 3950 3901 3951 3912 3973 3911 3949
1186        1 1 3901 3952 3902 3953 3913 3975 3912 3951
1187        1 1 3902 3954 3903 3955 3914 3977 3913 3953
1188        1 1 3903 3956 3904 3957 3915 3979 3914 3955
1189        1 1 3904 3958 3905 3959 3916 3981 3915 3957
1190        1 1 3905 3960 3906 3961 3917 3983 3916 3959
1191        1 1 3907 3965 3908 3966 3919 3988 3918 3964
1192        1 1 3908 3967 3909 3968 3920 3990 3919 3966
1193        1 1 3909 3969 3910 3970 3921 3992 3920 3968
1194        1 1 3910 3971 3911 3972 3922 3994 3921 3970
1195        1 1 3911 3973 3912 3974 3923 3996 3922 3972
1196        1 1 3912 3975 3913 3976 3924 3998 3923 3974
1197        1 1 3913 3977 3914 3978 3925 4000 3924 3976
1198        1 1 3914 3979 3915 3980 3926 4002 3925 3978
1199        1 1 3915 3981 3916 3982 3927 4004 3926 3980
1200        1 1 3916 3983 3917 3984 3928 4006 3927 3982
1201        1 1 226 227 116 829 828 4051 4011 4044
1202        1 1 4039 4117 4040 4118 132 131 130 4116
1203        1 1 785 4115 4039 4116 130 129 138 784
1204        1 1 4040 4119 4041 4120 134 133 132 4118
1205        1 1 4041 4121 808 807 347 135 134 4120
1206        1 1 222 223 224 4043 4010 4047 4009 4042
1207        1 1 337 221 222 4042 4009 4045 805 806
1208        1 1 224 225 226 4044 4011 4049 4010 4043
1209        1 1 787 4108 4036 4109 4039 4115 785 786
1210        1 1 789 4101 4033 4102 4036 4108 787 788
1211        1 1 791 4094 4030 4095 4033 4101 789 790
1212        1 1 793 4087 4027 4088 4030 4094 791 792
1213        1 1 795 4080 4024 4081 4027 4087 793 794
1214        1 1 797 4073 4021 4074 4024 4080 795 796
1215        1 1 799 4066 4018 4067 4021 4073 797 798
1216        1 1 801 4059 4015 4060 4018 4066 799 800
1217        1 1 803 4052 4012 4053 4015 4059 801 802
1218        1 1 805 4045 4009 4046 4012 4052 803 804
1219        1 1 4038 4114 810 809 808 4121 4041 4113
1220        1 1 4035 4107 812 811 810 4114 4038 4106
1221        1 1 4032 4100 814 813 812 4107 4035 4099
1222        1 1 4029 4093 816 815 814 4100 4032 4092
1223        1 1 4026 4086 818 817 816 4093 4029 4085
1224        1 1 4023 4079 820 819 818 4086 4026 4078
1225        1 1 4020 4072 822 821 820 4079 4023 4071
1226        1 1 4017 4065 824 823 822 4072 4020 4064
1227        1 1 4014 4058 826 825 824 4065 4017 4057
1228        1 1 4011 4051 828 827 826 4058 4014 4050
1229        1 1 4009 4047 4010 4048 4013 4054 4012 4046
1230        1 1 4010 4049 4011 4050 4014 4056 4013 4048
1231        1 1 4012 4054 4013 4055 4016 4061 4015 4053
1232        1 1 4013 4056 4014 4057 4017 4063 4016 4055
1233        1 1 4015 4061 4016 4062 4019 4068 4018 4060
1234        1 1 4016 4063 4017 4064 4020 4070 4019 4062
1235        1 1 4018 4068 4019 4069 4022 4075 4021 4067
1236        1 1 4019 4070 4020 4071 4023 4077 4022 4069
1237        1 1 4021 4075 4022 4076 4025 4082 4024 4074
1238        1 1 4022 4077 4023 4078 4026 4084 4025 4076
1239        1 1 4024 4082 4025 4083 4028 4089 4027 4081
1240        1 1 4025 4084 4026 4085 4029 4091 4028 4083
1241        1 1 4027 4089 4028 4090 4031 4096 4030 4088
1242        1 1 4028 4091 4029 4092 4032 4098 4031 4090
1243        1 1 4030 4096 4031 4097 4034 4103 4033 4095
1244        1 1 4031 4098 4032 4099 4035 4105 4034 4097
1245        1 1 4033 4103 4034 4104 4037 4110 4036 4102
1246        1 1 4034 4105 4035 4106 4038 4112 4037 4104
1247        1 1 4036 4110 4037 4111 4040 4117 4039 4109
1248        1 1 4037 4112 4038 4113 4041 4119 4040 4111
1249        1 1 4154 4234 1024 1025 140 528 529 4233
1250        1 1 981 4228 4152 4229 533 534 305 980
1251        1 1 346 354 353 4155 4122 4158 1001 1002
1252        1 1 349 348 347 1003 1004 4164 4124 4157
1253        1 1 351 350 349 4157 4124 4162 4123 4156
1254        1 1 353 352 351 4156 4123 4160 4122 4155
1255        1 1 4153 4232 4154 4233 529 530 531 4231
1256        1 1 4152 4230 4153 4231 531 532 533 4229
1257        1 1 983 4221 4149 4222 4152 4228 981 982
1258        1 1 985 4214 4146 4215 4149 4221 983 984
1259        1 1 987 4207 4143 4208 4146 4214 985 986
1260        1 1 989 4200 4140 4201 4143 4207 987 988
1261        1 1 991 4193 4137 4194 4140 4200 989 990
1262        1 1 993 4186 4134 4187 4137 4193 991 992
1263        1 1 995 4179 4131 4180 4134 4186 993 994
1264        1 1 997 4172 4128 4173 4131 4179 995 996
1265        1 1 999 4165 4125 4166 4128 4172 997 998
1266        1 1 1001 4158 4122 4159 4125 4165 999 1000
1267        1 1 4124 4164 1004 1005 1006 4171 4127 4163
1268        1 1 4127 4171 1006 1007 1008 4178 4130 4170
1269        1 1 4130 4178 1008 1009 1010 4185 4133 4177
1270        1 1 4133 4185 1010 1011 1012 4192 4136 4184
1271        1 1 4136 4192 1012 1013 1014 4199 4139 4191
1272        1 1 4139 4199 1014 1015 1016 4206 4142 4198
1273        1 1 4142 4206 1016 1017 1018 4213 4145 4205
1274        1 1 4145 4213 1018 1019 1020 4220 4148 4212
1275        1 1 4148 4220 1020 1021 1022 4227 4151 4219
1276        1 1 4151 4227 1022 1023 1024 4234 4154 4226
1277        1 1 4122 4160 4123 4161 4126 4167 4125 4159
1278        1 1 4123 4162 4124 4163 4127 4169 4126 4161
1279        1 1 4125 4167 4126 4168 4129 4174 4128 4166
1280        1 1 4126 4169 4127 4170 4130 4176 4129 4168
1281        1 1 4128 4174 4129 4175 4132 4181 4131 4173
1282        1 1 4129 4176 4130 4177 4133 4183 4132 4175
1283        1 1 4131 4181 4132 4182 4135 4188 4134 4180
1284        1 1 4132 4183 4133 4184 4136 4190 4135 4182
1285        1 1 4134 4188 4135 4189 4138 4195 4137 4187
1286        1 1 4135 4190 4136 4191 4139 4197 4138 4189
1287        1 1 4137 4195 4138 4196 4141 4202 4140 4194
1288        1 1 4138 4197 4139 4198 4142 4204 4141 4196
1289        1 1 4140 4202 4141 4203 4144 4209 4143 4201
1290        1 1 4141 4204 4142 4205 4145 4211 4144 4203
1291        1 1 4143 4209 4144 4210 4147 4216 4146 4208
1292        1 1 4144 4211 4145 4212 4148 4218 4147 4210
1293        1 1 4146 4216 4147 4217 4150 4223 4149 4215
1294        1 1 4147 4218 4148 4219 4151 4225 4150 4217
1295        1 1 4149 4223 4150 4224 4153 4230 4152 4222
1296        1 1 4150 4225 4151 4226 4154 4232 4153 4224
1297        1 1 889 4341 4265 4342 606 607 128 888
1298        1 1 4267 4347 912 911 228 601 602 4346
1299        1 1 341 497 496 4268 4235 4271 909 910
1300        1 1 492 491 342 933 932 4277 4237 4270
1301        1 1 494 493 492 4270 4237 4275 4236 4269
1302        1 1 496 495 494 4269 4236 4273 4235 4268
1303        1 1 4266 4345 4267 4346 602 603 604 4344
1304        1 1 4265 4343 4266 4344 604 605 606 4342
1305        1 1 891 4334 4262 4335 4265 4341 889 890
1306        1 1 893 4327 4259 4328 4262 4334 891 892
1307        1 1 895 4320 4256 4321 4259 4327 893 894
1308        1 1 897 4313 4253 4314 4256 4320 895 896
1309        1 1 899 4306 4250 4307 4253 4313 897 898
1310        1 1 901 4299 4247 4300 4250 4306 899 900
1311        1 1 903 4292 4244 4293 4247 4299 901 902
1312        1 1 905 4285 4241 4286 4244 4292 903 904
1313        1 1 907 4278 4238 4279 4241 4285 905 906
1314        1 1 909 4271 4235 4272 4238 4278 907 908
1315        1 1 4264 4340 914 913 912 4347 4267 4339
1316        1 1 4261 4333 916 915 914 4340 4264 4332
1317        1 1 4258 4326 918 917 916 4333 4261 4325
1318        1 1 4255 4319 920 919 918 4326 4258 4318
1319        1 1 4252 4312 922 921 920 4319 4255 4311
1320        1 1 4249 4305 924 923 922 4312 4252 4304
1321        1 1 4246 4298 926 925 924 4305 4249 4297
1322        1 1 4243 4291 928 927 926 4298 4246 4290
1323        1 1 4240 4284 930 929 928 4291 4243 4283
1324        1 1 4237 4277 932 931 930 4284 4240 4276
1325        1 1 4235 4273 4236 4274 4239 4280 4238 4272
1326        1 1 4236 4275 4237 4276 4240 4282 4239 4274
1327        1 1 4238 4280 4239 4281 4242 4287 4241 4279
1328        1 1 4239 4282 4240 4283 4243 4289 4242 4281
1329        1 1 4241 4287 4242 4288 4245 4294 4244 4286
1330        1 1 4242 4289 4243 4290 4246 4296 4245 4288
1331        1 1 4244 4294 4245 4295 4248 4301 4247 4293
1332        1 1 4245 4296 4246 4297 4249 4303 4248 4295
1333        1 1 4247 4301 4248 4302 4251 4308 4250 4300
1334        1 1 4248 4303 4249 4304 4252 4310 4251 4302
1335        1 1 4250 4308 4251 4309 4254 4315 4253 4307
1336        1 1 4251 4310 4252 4311 4255 4317 4254 4309
1337        1 1 4253 4315 4254 4316 4257 4322 4256 4314
1338        1 1 4254 4317 4255 4318 4258 4324 4257 4316
1339        1 1 4256 4322 4257 4323 4260 4329 4259 4321
1340        1 1 4257 4324 4258 4325 4261 4331 4260 4323
1341        1 1 4259 4329 4260 4330 4263 4336 4262 4328
1342        1 1 4260 4331 4261 4332 4264 4338 4263 4330
1343        1 1 4262 4336 4263 4337 4266 4343 4265 4335
1344        1 1 4263 4338 4264 4339 4267 4345 4266 4337
1345        1 1 126 691 690 4381 4348 4392 562 563
1346        1 1 558 4438 4370 4439 667 668 149 557
1347        1 1 4380 4460 285 284 158 646 647 4459
1348        1 1 4369 4437 287 286 285 4460 4380 4436
1349        1 1 4358 4414 289 288 287 4437 4369 4413
1350        1 1 670 669 340 290 289 4414 4358 4391
1351        1 1 560 4415 4359 4416 4370 4438 558 559
1352        1 1 562 4392 4348 4393 4359 4415 560 561
1353        1 1 4379 4458 4380 4459 647 648 649 4457
1354        1 1 4378 4456 4379 4457 649 650 651 4455
1355        1 1 4377 4454 4378 4455 651 652 653 4453
1356        1 1 4376 4452 4377 4453 653 654 655 4451
1357        1 1 4375 4450 4376 4451 655 656 657 4449
1358        1 1 4374 4448 4375 4449 657 658 659 4447
1359        1 1 4373 4446 4374 4447 659 660 661 4445
1360        1 1 4372 4444 4373 4445 661 662 663 4443
1361        1 1 4371 4442 4372 4443 663 664 665 4441
1362        1 1 4370 4440 4371 4441 665 666 667 4439
1363        1 1 672 671 670 4391 4358 4412 4357 4390
1364        1 1 674 673 672 4390 4357 4410 4356 4389
1365        1 1 676 675 674 4389 4356 4408 4355 4388
1366        1 1 678 677 676 4388 4355 4406 4354 4387
1367        1 1 680 679 678 4387 4354 4404 4353 4386
1368        1 1 682 681 680 4386 4353 4402 4352 4385
1369        1 1 684 683 682 4385 4352 4400 4351 4384
1370        1 1 686 685 684 4384 4351 4398 4350 4383
1371        1 1 688 687 686 4383 4350 4396 4349 4382
1372        1 1 690 689 688 4382 4349 4394 4348 4381
1373        1 1 4348 4394 4349 4395 4360 4417 4359 4393
1374        1 1 4349 4396 4350 4397 4361 4419 4360 4395
1375        1 1 4350 4398 4351 4399 4362 4421 4361 4397
1376        1 1 4351 4400 4352 4401 4363 4423 4362 4399
1377        1 1 4352 4402 4353 4403 4364 4425 4363 4401
1378        1 1 4353 4404 4354 4405 4365 4427 4364 4403
1379        1 1 4354 4406 4355 4407 4366 4429 4365 4405
1380        1 1 4355 4408 4356 4409 4367 4431 4366 4407
1381        1 1 4356 4410 4357 4411 4368 4433 4367 4409
1382        1 1 4357 4412 4358 4413 4369 4435 4368 4411
1383        1 1 4359 4417 4360 4418 4371 4440 4370 4416
1384        1 1 4360 4419 4361 4420 4372 4442 4371 4418
1385        1 1 4361 4421 4362 4422 4373 4444 4372 4420
1386        1 1 4362 4423 4363 4424 4374 4446 4373 4422
1387        1 1 4363 4425 4364 4426 4375 4448 4374 4424
1388        1 1 4364 4427 4365 4428 4376 4450 4375 4426
1389        1 1 4365 4429 4366 4430 4377 4452 4376 4428
1390        1 1 4366 4431 4367 4432 4378 4454 4377 4430
1391        1 1 4367 4433 4368 4434 4379 4456 4378 4432
1392        1 1 4368 4435 4369 4436 4380 4458 4379 4434
1393        1 1 4493 4573 866 865 125 594 595 4572
1394        1 1 158 313 312 4494 4461 4497 644 645
1395        1 1 310 309 308 4496 4463 4501 4462 4495
1396        1 1 308 307 338 887 886 4503 4463 4496
1397        1 1 312 311 310 4495 4462 4499 4461 4494
1398        1 1 624 4567 4491 4568 599 600 343 623
1399        1 1 4492 4571 4493 4572 595 596 597 4570
1400        1 1 4491 4569 4492 4570 597 598 599 4568
1401        1 1 626 4560 4488 4561 4491 4567 624 625
1402        1 1 628 4553 4485 4554 4488 4560 626 627
1403        1 1 630 4546 4482 4547 4485 4553 628 629
1404        1 1 632 4539 4479 4540 4482 4546 630 631
1405        1 1 634 4532 4476 4533 4479 4539 632 633
1406        1 1 636 4525 4473 4526 4476 4532 634 635
1407        1 1 638 4518 4470 4519 4473 4525 636 637
1408        1 1 640 4511 4467 4512 4470 4518 638 639
1409        1 1 642 4504 4464 4505 4467 4511 640 641
1410        1 1 644 4497 4461 4498 4464 4504 642 643
1411        1 1 4490 4566 868 867 866 4573 4493 4565
1412        1 1 4487 4559 870 869 868 4566 4490 4558
1413        1 1 4484 4552 872 871 870 4559 4487 4551
1414        1 1 4481 4545 874 873 872 4552 4484 4544
1415        1 1 4478 4538 876 875 874 4545 4481 4537
1416        1 1 4475 4531 878 877 876 4538 4478 4530
1417        1 1 4472 4524 880 879 878 4531 4475 4523
1418        1 1 4469 4517 882 881 880 4524 4472 4516
1419        1 1 4466 4510 884 883 882 4517 4469 4509
1420        1 1 4463 4503 886 885 884 4510 4466 4502
1421        1 1 4461 4499 4462 4500 4465 4506 4464 4498
1422        1 1 4462 4501 4463 4502 4466 4508 4465 4500
1423        1 1 4464 4506 4465 4507 4468 4513 4467 4505
1424        1 1 4465 4508 4466 4509 4469 4515 4468 4507
1425        1 1 4467 4513 4468 4514 4471 4520 4470 4512
1426        1 1 4468 4515 4469 4516 4472 4522 4471 4514
1427        1 1 4470 4520 4471 4521 4474 4527 4473 4519
1428        1 1 4471 4522 4472 4523 4475 4529 4474 4521
1429        1 1 4473 4527 4474 4528 4477 4534 4476 4526
1430        1 1 4474 4529 4475 4530 4478 4536 4477 4528
1431        1 1 4476 4534 4477 4535 4480 4541 4479 4533
1432        1 1 4477 4536 4478 4537 4481 4543 4480 4535
1433        1 1 4479 4541 4480 4542 4483 4548 4482 4540
1434        1 1 4480 4543 4481 4544 4484 4550 4483 4542
1435        1 1 4482 4548 4483 4549 4486 4555 4485 4547
1436        1 1 4483 4550 4484 4551 4487 4557 4486 4549
1437        1 1 4485 4555 4486 4556 4489 4562 4488 4554
1438        1 1 4486 4557 4487 4558 4490 4564 4489 4556
1439        1 1 4488 4562 4489 4563 4492 4569 4491 4561
1440        1 1 4489 4564 4490 4565 4493 4571 4492 4563
1441        1 1 551 4664 4596 4665 713 714 137 550
1442        1 1 716 715 157 283 282 4640 4584 4617
1443        1 1 190 737 736 4607 4574 4618 555 556
1444        1 1 4595 4663 280 279 278 4686 4606 4662
1445        1 1 4606 4686 278 277 339 692 693 4685
1446        1 1 4584 4640 282 281 280 4663 4595 4639
1447        1 1 553 4641 4585 4642 4596 4664 551 552
1448        1 1 555 4618 4574 4619 4585 4641 553 554
1449        1 1 4605 4684 4606 4685 693 694 695 4683
1450        1 1 4604 4682 4605 4683 695 696 697 4681
1451        1 1 4603 4680 4604 4681 697 698 699 4679
1452        1 1 4602 4678 4603 4679 699 700 701 4677
1453        1 1 4601 4676 4602 4677 701 702 703 4675
1454        1 1 4600 4674 4601 4675 703 704 705 4673
1455        1 1 4599 4672 4600 4673 705 706 707 4671
1456        1 1 4598 4670 4599 4671 707 708 709 4669
1457        1 1 4597 4668 4598 4669 709 710 711 4667
1458        1 1 4596 4666 4597 4667 711 712 713 4665
1459        1 1 718 717 716 4617 4584 4638 4583 4616
1460        1 1 720 719 718 4616 4583 4636 4582 4615
1461        1 1 722 721 720 4615 4582 4634 4581 4614
1462        1 1 724 723 722 4614 4581 4632 4580 4613
1463        1 1 726 725 724 4613 4580 4630 4579 4612
1464        1 1 728 727 726 4612 4579 4628 4578 4611
1465        1 1 730 729 728 4611 4578 4626 4577 4610
1466        1 1 732 731 730 4610 4577 4624 4576 4609
1467        1 1 734 733 732 4609 4576 4622 4575 4608
1468        1 1 736 735 734 4608 4575 4620 4574 4607
1469        1 1 4574 4620 4575 4621 4586 4643 4585 4619
1470        1 1 4575 4622 4576 4623 4587 4645 4586 4621
1471        1 1 4576 4624 4577 4625 4588 4647 4587 4623
1472        1 1 4577 4626 4578 4627 4589 4649 4588 4625
1473        1 1 4578 4628 4579 4629 4590 4651 4589 4627
1474        1 1 4579 4630 4580 4631 4591 4653 4590 4629
1475        1 1 4580 4632 4581 4633 4592 4655 4591 4631
1476        1 1 4581 4634 4582 4635 4593 4657 4592 4633
1477        1 1 4582 4636 4583 4637 4594 4659 4593 4635
1478        1 1 4583 4638 4584 4639 4595 4661 4594 4637
1479        1 1 4585 4643 4586 4644 4597 4666 4596 4642
1480        1 1 4586 4645 4587 4646 4598 4668 4597 4644
1481        1 1 4587 4647 4588 4648 4599 4670 4598 4646
1482        1 1 4588 4649 4589 4650 4600 4672 4599 4648
1483        1 1 4589 4651 4590 4652 4601 4674 4600 4650
1484        1 1 4590 4653 4591 4654 4602 4676 4601 4652
1485        1 1 4591 4655 4592 4656 4603 4678 4602 4654
1486        1 1 4592 4657 4593 4658 4604 4680 4603 4656
1487        1 1 4593 4659 4594 4660 4605 4682 4604 4658
1488        1 1 4594 4661 4595 4662 4606 4684 4605 4660
1489        1 1 118 119 120 4721 4688 4725 4687 4720
1490        1 1 237 117 118 4720 4687 4723 759 760
1491        1 1 120 121 122 4722 4689 4727 4688 4721
1492        1 1 122 123 136 783 782 4729 4689 4722
1493        1 1 739 4793 4717 4794 292 291 157 738
1494        1 1 4717 4795 4718 4796 294 293 292 4794
1495        1 1 4718 4797 4719 4798 296 295 294 4796
1496        1 1 4719 4799 762 761 344 297 296 4798
1497        1 1 741 4786 4714 4787 4717 4793 739 740
1498        1 1 743 4779 4711 4780 4714 4786 741 742
1499        1 1 745 4772 4708 4773 4711 4779 743 744
1500        1 1 747 4765 4705 4766 4708 4772 745 746
1501        1 1 749 4758 4702 4759 4705 4765 747 748
1502        1 1 751 4751 4699 4752 4702 4758 749 750
1503        1 1 753 4744 4696 4745 4699 4751 751 752
1504        1 1 755 4737 4693 4738 4696 4744 753 754
1505        1 1 757 4730 4690 4731 4693 4737 755 756
1506        1 1 759 4723 4687 4724 4690 4730 757 758
1507        1 1 4716 4792 764 763 762 4799 4719 4791
1508        1 1 4713 4785 766 765 764 4792 4716 4784
1509        1 1 4710 4778 768 767 766 4785 4713 4777
1510        1 1 4707 4771 770 769 768 4778 4710 4770
1511        1 1 4704 4764 772 771 770 4771 4707 4763
1512        1 1 4701 4757 774 773 772 4764 4704 4756
1513        1 1 4698 4750 776 775 774 4757 4701 4749
1514        1 1 4695 4743 778 777 776 4750 4698 4742
1515        1 1 4692 4736 780 779 778 4743 4695 4735
1516        1 1 4689 4729 782 781 780 4736 4692 4728
1517        1 1 4687 4725 4688 4726 4691 4732 4690 4724
1518        1 1 4688 4727 4689 4728 4692 4734 4691 4726
1519        1 1 4690 4732 4691 4733 4694 4739 4693 4731
1520        1 1 4691 4734 4692 4735 4695 4741 4694 4733
1521        1 1 4693 4739 4694 4740 4697 4746 4696 4738
1522        1 1 4694 4741 4695 4742 4698 4748 4697 4740
1523        1 1 4696 4746 4697 4747 4700 4753 4699 4745
1524        1 1 4697 4748 4698 4749 4701 4755 4700 4747
1525        1 1 4699 4753 4700 4754 4703 4760 4702 4752
1526        1 1 4700 4755 4701 4756 4704 4762 4703 4754
1527        1 1 4702 4760 4703 4761 4706 4767 4705 4759
1528        1 1 4703 4762 4704 4763 4707 4769 4706 4761
1529        1 1 4705 4767 4706 4768 4709 4774 4708 4766
1530        1 1 4706 4769 4707 4770 4710 4776 4709 4768
1531        1 1 4708 4774 4709 4775 4712 4781 4711 4773
1532        1 1 4709 4776 4710 4777 4713 4783 4712 4775
1533        1 1 4711 4781 4712 4782 4715 4788 4714 4780
1534        1 1 4712 4783 4713 4784 4716 4790 4715 4782
1535        1 1 4714 4788 4715 4789 4718 4795 4717 4787
1536        1 1 4715 4790 4716 4791 4719 4797 4718 4789


%LOAD.CASE.LINE.FORCE.UNIFORM
80
300    567    569    0 1.0000000000000000 0.0000000000000000 0.0000000000000000
590    73     75     0 1.0000000000000000 0.0000000000000000 0.0000000000000000
594    81     83     0 1.0000000000000000 0.0000000000000000 0.0000000000000000
595    83     85     0 1.0000000000000000 0.0000000000000000 0.0000000000000000
299    565    567    0 1.0000000000000000 0.0000000000000000 0.0000000000000000
865    94     96     0 1.0000000000000000 0.0000000000000000 0.0000000000000000
866    190    94     0 1.0000000000000000 0.0000000000000000 0.0000000000000000
867    96     98     0 1.0000000000000000 0.0000000000000000 0.0000000000000000
868    98     100    0 1.0000000000000000 0.0000000000000000 0.0000000000000000
869    100    102    0 1.0000000000000000 0.0000000000000000 0.0000000000000000
870    102    104    0 1.0000000000000000 0.0000000000000000 0.0000000000000000
871    104    106    0 1.0000000000000000 0.0000000000000000 0.0000000000000000
872    106    108    0 1.0000000000000000 0.0000000000000000 0.0000000000000000
873    108    110    0 1.0000000000000000 0.0000000000000000 0.0000000000000000
874    110    112    0 1.0000000000000000 0.0000000000000000 0.0000000000000000
875    112    114    0 1.0000000000000000 0.0000000000000000 0.0000000000000000
597    87     89     0 1.0000000000000000 0.0000000000000000 0.0000000000000000
304    575    577    0 1.0000000000000000 0.0000000000000000 0.0000000000000000
303    573    575    0 1.0000000000000000 0.0000000000000000 0.0000000000000000
599    91     149    0 1.0000000000000000 0.0000000000000000 0.0000000000000000
1345   562    126    0 1.0000000000000000 0.0000000000000000 0.0000000000000000
1346   149    558    0 1.0000000000000000 0.0000000000000000 0.0000000000000000
1351   558    560    0 1.0000000000000000 0.0000000000000000 0.0000000000000000
1352   560    562    0 1.0000000000000000 0.0000000000000000 0.0000000000000000
289    126    565    0 1.0000000000000000 0.0000000000000000 0.0000000000000000
290    577    137    0 1.0000000000000000 0.0000000000000000 0.0000000000000000
302    571    573    0 1.0000000000000000 0.0000000000000000 0.0000000000000000
876    114    4800   0 1.0000000000000000 0.0000000000000000 0.0000000000000000
592    77     79     0 1.0000000000000000 0.0000000000000000 0.0000000000000000
1441   137    551    0 1.0000000000000000 0.0000000000000000 0.0000000000000000
1443   555    190    0 1.0000000000000000 0.0000000000000000 0.0000000000000000
1447   551    553    0 1.0000000000000000 0.0000000000000000 0.0000000000000000
1448   553    555    0 1.0000000000000000 0.0000000000000000 0.0000000000000000
589    71     73     0 1.0000000000000000 0.0000000000000000 0.0000000000000000
598    89     91     0 1.0000000000000000 0.0000000000000000 0.0000000000000000
596    85     87     0 1.0000000000000000 0.0000000000000000 0.0000000000000000
301    569    571    0 1.0000000000000000 0.0000000000000000 0.0000000000000000
593    79     81     0 1.0000000000000000 0.0000000000000000 0.0000000000000000
591    75     77     0 1.0000000000000000 0.0000000000000000 0.0000000000000000
588    355    71     0 1.0000000000000000 0.0000000000000000 0.0000000000000000
13     148    447    0 -1.0000000000000000 0.0000000000000000 0.0000000000000000
72     453    455    0 -1.0000000000000000 0.0000000000000000 0.0000000000000000
48     449    451    0 -1.0000000000000000 0.0000000000000000 0.0000000000000000
36     447    449    0 -1.0000000000000000 0.0000000000000000 0.0000000000000000
84     455    457    0 -1.0000000000000000 0.0000000000000000 0.0000000000000000
98     461    463    0 -1.0000000000000000 0.0000000000000000 0.0000000000000000
96     457    459    0 -1.0000000000000000 0.0000000000000000 0.0000000000000000
97     459    461    0 -1.0000000000000000 0.0000000000000000 0.0000000000000000
2      467    127    0 -1.0000000000000000 0.0000000000000000 0.0000000000000000
1009   2      4      0 -1.0000000000000000 0.0000000000000000 0.0000000000000000
1010   306    2      0 -1.0000000000000000 0.0000000000000000 0.0000000000000000
1011   4      6      0 -1.0000000000000000 0.0000000000000000 0.0000000000000000
1012   6      8      0 -1.0000000000000000 0.0000000000000000 0.0000000000000000
1013   8      10     0 -1.0000000000000000 0.0000000000000000 0.0000000000000000
1014   10     12     0 -1.0000000000000000 0.0000000000000000 0.0000000000000000
1015   12     14     0 -1.0000000000000000 0.0000000000000000 0.0000000000000000
1016   14     16     0 -1.0000000000000000 0.0000000000000000 0.0000000000000000
1017   16     18     0 -1.0000000000000000 0.0000000000000000 0.0000000000000000
1018   18     20     0 -1.0000000000000000 0.0000000000000000 0.0000000000000000
1019   20     22     0 -1.0000000000000000 0.0000000000000000 0.0000000000000000
1020   22     140    0 -1.0000000000000000 0.0000000000000000 0.0000000000000000
193    548    139    0 -1.0000000000000000 0.0000000000000000 0.0000000000000000
203    536    538    0 -1.0000000000000000 0.0000000000000000 0.0000000000000000
204    538    540    0 -1.0000000000000000 0.0000000000000000 0.0000000000000000
205    540    542    0 -1.0000000000000000 0.0000000000000000 0.0000000000000000
206    542    544    0 -1.0000000000000000 0.0000000000000000 0.0000000000000000
207    544    546    0 -1.0000000000000000 0.0000000000000000 0.0000000000000000
208    546    548    0 -1.0000000000000000 0.0000000000000000 0.0000000000000000
194    305    536    0 -1.0000000000000000 0.0000000000000000 0.0000000000000000
1153   139    151    0 -1.0000000000000000 0.0000000000000000 0.0000000000000000
1158   155    148    0 -1.0000000000000000 0.0000000000000000 0.0000000000000000
1159   151    153    0 -1.0000000000000000 0.0000000000000000 0.0000000000000000
1160   153    155    0 -1.0000000000000000 0.0000000000000000 0.0000000000000000
1249   140    529    0 -1.0000000000000000 0.0000000000000000 0.0000000000000000
1250   533    305    0 -1.0000000000000000 0.0000000000000000 0.0000000000000000
1255   529    531    0 -1.0000000000000000 0.0000000000000000 0.0000000000000000
1256   531    533    0 -1.0000000000000000 0.0000000000000000 0.0000000000000000
99     463    465    0 -1.0000000000000000 0.0000000000000000 0.0000000000000000
60     451    453    0 -1.0000000000000000 0.0000000000000000 0.0000000000000000
100    465    467    0 -1.0000000000000000 0.0000000000000000 0.0000000000000000

%END
