
%INTEGRATION.ORDER 
1 
1	3	3	1	3	3	1 

%ELEMENT 
200 
 
%ELEMENT 
800 
 
%ELEMENT.SHALLOWSHELL.Q8 
800 
1	1	1	557	558	621	620	623	560	559	556 
2	1	1	687	625	623	620	621	622	685	684 
3	1	1	492	494	557	556	559	496	495	493 
4	1	1	428	430	492	493	495	432	431	429 
5	1	1	751	689	687	684	685	686	749	748 
6	1	1	364	366	428	429	431	368	367	365 
7	1	1	300	302	364	365	367	304	303	301 
8	1	1	815	753	751	748	749	750	813	812 
9	1	1	236	238	300	301	303	240	239	237 
10	1	1	172	174	236	237	239	176	175	173 
11	1	1	879	817	815	812	813	814	877	876 
12	1	1	108	110	172	173	175	112	111	109 
13	1	1	44	46	108	109	111	48	47	45 
14	1	1	943	881	879	876	877	878	941	940 
15	1	1	12	1	44	45	47	2	15	13 
16	1	1	1007	945	943	940	941	942	1005	1004 
17	1	1	1071	1009	1007	1004	1005	1006	1069	1068 
18	1	1	1135	1073	1071	1068	1069	1070	1133	1132 
19	1	1	1199	1137	1135	1132	1133	1134	1196	1197 
20	1	1	1263	1201	1199	1197	1196	1198	1261	1260 
21	1	1	15	16	79	77	76	14	12	13 
22	1	1	1261	1262	1325	1324	1327	1265	1263	1260 
23	1	1	690	628	626	624	623	625	687	688 
24	1	1	559	560	623	624	626	563	562	561 
25	1	1	754	692	690	688	687	689	751	752 
26	1	1	495	496	559	561	562	499	498	497 
27	1	1	818	756	754	752	751	753	815	816 
28	1	1	431	432	495	497	498	435	434	433 
29	1	1	882	820	818	816	815	817	879	880 
30	1	1	367	368	431	433	434	371	370	369 
31	1	1	946	884	882	880	879	881	943	944 
32	1	1	303	304	367	369	370	307	306	305 
33	1	1	1010	948	946	944	943	945	1007	1008 
34	1	1	239	240	303	305	306	243	242	241 
35	1	1	1074	1012	1010	1008	1007	1009	1071	1072 
36	1	1	175	176	239	241	242	179	178	177 
37	1	1	1138	1076	1074	1072	1071	1073	1135	1136 
38	1	1	111	112	175	177	178	115	114	113 
39	1	1	1202	1140	1138	1136	1135	1137	1199	1200 
40	1	1	47	48	111	113	114	51	50	49 
41	1	1	1266	1204	1202	1200	1199	1201	1263	1264 
42	1	1	15	2	47	49	50	3	18	17 
43	1	1	1263	1265	1327	1328	1330	1268	1266	1264 
44	1	1	18	20	82	81	79	16	15	17 
45	1	1	1325	1326	1389	1388	1391	1329	1327	1324 
46	1	1	79	80	143	141	140	78	76	77 
47	1	1	693	631	629	627	626	628	690	691 
48	1	1	562	563	626	627	629	566	565	564 
49	1	1	757	695	693	691	690	692	754	755 
50	1	1	498	499	562	564	565	502	501	500 
51	1	1	821	759	757	755	754	756	818	819 
52	1	1	434	435	498	500	501	438	437	436 
53	1	1	885	823	821	819	818	820	882	883 
54	1	1	370	371	434	436	437	374	373	372 
55	1	1	949	887	885	883	882	884	946	947 
56	1	1	306	307	370	372	373	310	309	308 
57	1	1	1013	951	949	947	946	948	1010	1011 
58	1	1	242	243	306	308	309	246	245	244 
59	1	1	1077	1015	1013	1011	1010	1012	1074	1075 
60	1	1	178	179	242	244	245	182	181	180 
61	1	1	1141	1079	1077	1075	1074	1076	1138	1139 
62	1	1	114	115	178	180	181	118	117	116 
63	1	1	1205	1143	1141	1139	1138	1140	1202	1203 
64	1	1	50	51	114	116	117	54	53	52 
65	1	1	1269	1207	1205	1203	1202	1204	1266	1267 
66	1	1	18	3	50	52	53	4	21	19 
67	1	1	1266	1268	1330	1331	1333	1271	1269	1267 
68	1	1	21	23	85	84	82	20	18	19 
69	1	1	1327	1329	1391	1392	1394	1332	1330	1328 
70	1	1	82	83	146	145	143	80	79	81 
71	1	1	696	634	632	630	629	631	693	694 
72	1	1	565	566	629	630	632	569	568	567 
73	1	1	760	698	696	694	693	695	757	758 
74	1	1	501	502	565	567	568	505	504	503 
75	1	1	824	762	760	758	757	759	821	822 
76	1	1	437	438	501	503	504	441	440	439 
77	1	1	888	826	824	822	821	823	885	886 
78	1	1	1389	1390	1453	1452	1455	1393	1391	1388 
79	1	1	143	144	207	205	204	142	140	141 
80	1	1	373	374	437	439	440	377	376	375 
81	1	1	952	890	888	886	885	887	949	950 
82	1	1	309	310	373	375	376	313	312	311 
83	1	1	1016	954	952	950	949	951	1013	1014 
84	1	1	245	246	309	311	312	249	248	247 
85	1	1	1080	1018	1016	1014	1013	1015	1077	1078 
86	1	1	181	182	245	247	248	185	184	183 
87	1	1	1144	1082	1080	1078	1077	1079	1141	1142 
88	1	1	117	118	181	183	184	121	120	119 
89	1	1	1208	1146	1144	1142	1141	1143	1205	1206 
90	1	1	53	54	117	119	120	57	56	55 
91	1	1	1272	1210	1208	1206	1205	1207	1269	1270 
92	1	1	21	4	53	55	56	5	24	22 
93	1	1	1330	1332	1394	1395	1397	1335	1333	1331 
94	1	1	85	87	149	148	146	83	82	84 
95	1	1	1269	1271	1333	1334	1336	1274	1272	1270 
96	1	1	24	26	88	86	85	23	21	22 
97	1	1	1391	1393	1455	1456	1458	1396	1394	1392 
98	1	1	146	147	210	209	207	144	143	145 
99	1	1	699	637	635	633	632	634	696	697 
100	1	1	568	569	632	633	635	572	571	570 
101	1	1	763	701	699	697	696	698	760	761 
102	1	1	504	505	568	570	571	508	507	506 
103	1	1	827	765	763	761	760	762	824	825 
104	1	1	440	441	504	506	507	444	443	442 
105	1	1	891	829	827	825	824	826	888	889 
106	1	1	376	377	440	442	443	380	379	378 
107	1	1	955	893	891	889	888	890	952	953 
108	1	1	312	313	376	378	379	316	315	314 
109	1	1	1019	957	955	953	952	954	1016	1017 
110	1	1	248	249	312	314	315	252	251	250 
111	1	1	1083	1021	1019	1017	1016	1018	1080	1081 
112	1	1	184	185	248	250	251	188	187	186 
113	1	1	1453	1454	1517	1516	1519	1457	1455	1452 
114	1	1	207	208	271	269	268	206	204	205 
115	1	1	1147	1085	1083	1081	1080	1082	1144	1145 
116	1	1	120	121	184	186	187	124	123	122 
117	1	1	1211	1149	1147	1145	1144	1146	1208	1209 
118	1	1	56	57	120	122	123	60	59	58 
119	1	1	1275	1213	1211	1209	1208	1210	1272	1273 
120	1	1	24	5	56	58	59	6	27	25 
121	1	1	1333	1335	1397	1398	1400	1338	1336	1334 
122	1	1	88	90	152	151	149	87	85	86 
123	1	1	1394	1396	1458	1459	1461	1399	1397	1395 
124	1	1	149	150	213	212	210	147	146	148 
125	1	1	1272	1274	1336	1337	1339	1277	1275	1273 
126	1	1	27	29	91	89	88	26	24	25 
127	1	1	1455	1457	1519	1520	1522	1460	1458	1456 
128	1	1	702	640	638	636	635	637	699	700 
129	1	1	210	211	274	273	271	208	207	209 
130	1	1	571	572	635	636	638	575	574	573 
131	1	1	766	704	702	700	699	701	763	764 
132	1	1	507	508	571	573	574	511	510	509 
133	1	1	830	768	766	764	763	765	827	828 
134	1	1	443	444	507	509	510	447	446	445 
135	1	1	894	832	830	828	827	829	891	892 
136	1	1	379	380	443	445	446	383	382	381 
137	1	1	958	896	894	892	891	893	955	956 
138	1	1	315	316	379	381	382	319	318	317 
139	1	1	1022	960	958	956	955	957	1019	1020 
140	1	1	251	252	315	317	318	255	254	253 
141	1	1	1086	1024	1022	1020	1019	1021	1083	1084 
142	1	1	187	188	251	253	254	191	190	189 
143	1	1	1150	1088	1086	1084	1083	1085	1147	1148 
144	1	1	123	124	187	189	190	127	126	125 
145	1	1	1214	1152	1150	1148	1147	1149	1211	1212 
146	1	1	59	60	123	125	126	63	62	61 
147	1	1	1278	1216	1214	1212	1211	1213	1275	1276 
148	1	1	27	6	59	61	62	7	30	28 
149	1	1	1397	1399	1461	1462	1464	1402	1400	1398 
150	1	1	152	154	216	215	213	150	149	151 
151	1	1	1517	1518	1581	1580	1583	1521	1519	1516 
152	1	1	271	272	335	333	332	270	268	269 
153	1	1	1336	1338	1400	1401	1403	1341	1339	1337 
154	1	1	91	93	155	153	152	90	88	89 
155	1	1	1458	1460	1522	1523	1525	1463	1461	1459 
156	1	1	213	214	277	276	274	211	210	212 
157	1	1	1275	1277	1339	1340	1342	1280	1278	1276 
158	1	1	30	32	94	92	91	29	27	28 
159	1	1	705	643	641	639	638	640	702	703 
160	1	1	574	575	638	639	641	578	577	576 
161	1	1	769	707	705	703	702	704	766	767 
162	1	1	510	511	574	576	577	514	513	512 
163	1	1	1519	1521	1583	1584	1586	1524	1522	1520 
164	1	1	274	275	338	337	335	272	271	273 
165	1	1	833	771	769	767	766	768	830	831 
166	1	1	446	447	510	512	513	450	449	448 
167	1	1	897	835	833	831	830	832	894	895 
168	1	1	382	383	446	448	449	386	385	384 
169	1	1	961	899	897	895	894	896	958	959 
170	1	1	318	319	382	384	385	322	321	320 
171	1	1	1025	963	961	959	958	960	1022	1023 
172	1	1	254	255	318	320	321	258	257	256 
173	1	1	1400	1402	1464	1465	1467	1405	1403	1401 
174	1	1	1089	1027	1025	1023	1022	1024	1086	1087 
175	1	1	155	157	219	218	216	154	152	153 
176	1	1	190	191	254	256	257	194	193	192 
177	1	1	1153	1091	1089	1087	1086	1088	1150	1151 
178	1	1	1461	1463	1525	1526	1528	1466	1464	1462 
179	1	1	126	127	190	192	193	130	129	128 
180	1	1	216	217	280	279	277	214	213	215 
181	1	1	1217	1155	1153	1151	1150	1152	1214	1215 
182	1	1	62	63	126	128	129	66	65	64 
183	1	1	1339	1341	1403	1404	1406	1344	1342	1340 
184	1	1	94	96	158	156	155	93	91	92 
185	1	1	1281	1219	1217	1215	1214	1216	1278	1279 
186	1	1	30	7	62	64	65	8	33	31 
187	1	1	1522	1524	1586	1587	1589	1527	1525	1523 
188	1	1	277	278	341	340	338	275	274	276 
189	1	1	1581	1582	1645	1644	1647	1585	1583	1580 
190	1	1	335	336	399	397	396	334	332	333 
191	1	1	1278	1280	1342	1343	1345	1283	1281	1279 
192	1	1	33	35	97	95	94	32	30	31 
193	1	1	708	645	644	642	641	643	705	706 
194	1	1	577	578	641	642	644	581	580	579 
195	1	1	1464	1466	1528	1529	1531	1469	1467	1465 
196	1	1	219	221	283	282	280	217	216	218 
197	1	1	772	709	708	706	705	707	769	770 
198	1	1	513	514	577	579	580	517	516	515 
199	1	1	1403	1405	1467	1468	1470	1408	1406	1404 
200	1	1	158	160	222	220	219	157	155	156 
201	1	1	836	773	772	770	769	771	833	834 
202	1	1	449	450	513	515	516	453	452	451 
203	1	1	900	837	836	834	833	835	897	898 
204	1	1	1583	1585	1647	1648	1650	1588	1586	1584 
205	1	1	385	386	449	451	452	389	388	387 
206	1	1	338	339	402	401	399	336	335	337 
207	1	1	964	901	900	898	897	899	961	962 
208	1	1	321	322	385	387	388	325	324	323 
209	1	1	1525	1527	1589	1590	1592	1530	1528	1526 
210	1	1	280	281	344	343	341	278	277	279 
211	1	1	1028	965	964	962	961	963	1025	1026 
212	1	1	257	258	321	323	324	261	260	259 
213	1	1	1092	1029	1028	1026	1025	1027	1089	1090 
214	1	1	193	194	257	259	260	197	196	195 
215	1	1	1342	1344	1406	1407	1409	1347	1345	1343 
216	1	1	97	99	161	159	158	96	94	95 
217	1	1	1156	1093	1092	1090	1089	1091	1153	1154 
218	1	1	129	130	193	195	196	133	132	131 
219	1	1	1220	1157	1156	1154	1153	1155	1217	1218 
220	1	1	65	66	129	131	132	69	68	67 
221	1	1	1284	1221	1220	1218	1217	1219	1281	1282 
222	1	1	33	8	65	67	68	9	39	34 
223	1	1	1586	1588	1650	1651	1653	1591	1589	1587 
224	1	1	341	342	405	404	402	339	338	340 
225	1	1	1467	1469	1531	1532	1534	1472	1470	1468 
226	1	1	222	224	286	285	283	221	219	220 
227	1	1	1281	1283	1345	1346	1348	1285	1284	1282 
228	1	1	1528	1530	1592	1593	1595	1533	1531	1529 
229	1	1	39	43	103	98	97	35	33	34 
230	1	1	283	284	347	346	344	281	280	282 
231	1	1	1645	1646	1709	1708	1711	1649	1647	1644 
232	1	1	399	400	463	461	460	398	396	397 
233	1	1	1406	1408	1470	1471	1473	1411	1409	1407 
234	1	1	161	163	225	223	222	160	158	159 
235	1	1	711	650	647	646	644	645	708	710 
236	1	1	580	581	644	646	647	585	583	582 
237	1	1	775	712	711	710	708	709	772	774 
238	1	1	516	517	580	582	583	522	519	518 
239	1	1	1589	1591	1653	1654	1656	1594	1592	1590 
240	1	1	839	778	775	774	772	773	836	838 
241	1	1	344	345	408	407	405	342	341	343 
242	1	1	452	453	516	518	519	458	455	454 
243	1	1	903	840	839	838	836	837	900	902 
244	1	1	388	389	452	454	455	394	391	390 
245	1	1	967	906	903	902	900	901	964	966 
246	1	1	1345	1347	1409	1410	1412	1349	1348	1346 
247	1	1	324	325	388	390	391	330	327	326 
248	1	1	103	107	167	162	161	99	97	98 
249	1	1	1647	1649	1711	1712	1714	1652	1650	1648 
250	1	1	402	403	466	465	463	400	399	401 
251	1	1	1031	968	967	966	964	965	1028	1030 
252	1	1	260	261	324	326	327	266	263	262 
253	1	1	1095	1034	1031	1030	1028	1029	1092	1094 
254	1	1	196	197	260	262	263	202	199	198 
255	1	1	1531	1533	1595	1596	1598	1536	1534	1532 
256	1	1	286	288	350	349	347	284	283	285 
257	1	1	1159	1096	1095	1094	1092	1093	1156	1158 
258	1	1	132	133	196	198	199	138	135	134 
259	1	1	1470	1472	1534	1535	1537	1475	1473	1471 
260	1	1	225	227	289	287	286	224	222	223 
261	1	1	1223	1162	1159	1158	1156	1157	1220	1222 
262	1	1	68	69	132	134	135	74	71	70 
263	1	1	1592	1594	1656	1657	1659	1597	1595	1593 
264	1	1	347	348	411	410	408	345	344	346 
265	1	1	1650	1652	1714	1715	1717	1655	1653	1651 
266	1	1	405	406	469	468	466	403	402	404 
267	1	1	1287	1226	1223	1222	1220	1221	1284	1286 
268	1	1	39	9	68	70	71	10	40	42 
269	1	1	1409	1411	1473	1474	1476	1413	1412	1410 
270	1	1	167	171	231	226	225	163	161	162 
271	1	1	1284	1285	1348	1350	1351	1289	1287	1286 
272	1	1	40	41	104	106	103	43	39	42 
273	1	1	1534	1536	1598	1599	1601	1539	1537	1535 
274	1	1	1653	1655	1717	1718	1720	1658	1656	1654 
275	1	1	289	291	353	352	350	288	286	287 
276	1	1	408	409	472	471	469	406	405	407 
277	1	1	713	651	649	648	647	650	711	714 
278	1	1	583	585	647	648	649	587	586	584 
279	1	1	1595	1597	1659	1660	1662	1600	1598	1596 
280	1	1	350	351	414	413	411	348	347	349 
281	1	1	777	715	713	714	711	712	775	776 
282	1	1	519	522	583	584	586	523	520	521 
283	1	1	1709	1710	1773	1772	1775	1713	1711	1708 
284	1	1	463	464	527	525	524	462	460	461 
285	1	1	841	779	777	776	775	778	839	842 
286	1	1	455	458	519	521	520	459	456	457 
287	1	1	1473	1475	1537	1538	1540	1477	1476	1474 
288	1	1	231	235	295	290	289	227	225	226 
289	1	1	1348	1349	1412	1414	1415	1353	1351	1350 
290	1	1	104	105	168	170	167	107	103	106 
291	1	1	905	843	841	842	839	840	903	904 
292	1	1	391	394	455	457	456	395	392	393 
293	1	1	969	907	905	904	903	906	967	970 
294	1	1	327	330	391	393	392	331	328	329 
295	1	1	1033	971	969	970	967	968	1031	1032 
296	1	1	263	266	327	329	328	267	264	265 
297	1	1	1656	1658	1720	1721	1723	1661	1659	1657 
298	1	1	1711	1713	1775	1776	1778	1716	1714	1712 
299	1	1	411	412	475	474	472	409	408	410 
300	1	1	466	467	530	529	527	464	463	465 
301	1	1	1097	1035	1033	1032	1031	1034	1095	1098 
302	1	1	199	202	263	265	264	203	200	201 
303	1	1	1161	1099	1097	1098	1095	1096	1159	1160 
304	1	1	135	138	199	201	200	139	136	137 
305	1	1	1412	1413	1476	1478	1479	1417	1415	1414 
306	1	1	168	169	232	234	231	171	167	170 
307	1	1	1598	1600	1662	1663	1665	1603	1601	1599 
308	1	1	353	355	417	416	414	351	350	352 
309	1	1	1537	1539	1601	1602	1604	1541	1540	1538 
310	1	1	1224	1163	1161	1160	1159	1162	1223	1225 
311	1	1	295	299	359	354	353	291	289	290 
312	1	1	71	74	135	137	136	75	72	73 
313	1	1	1714	1716	1778	1779	1781	1719	1717	1715 
314	1	1	469	470	533	532	530	467	466	468 
315	1	1	1288	1227	1224	1225	1223	1226	1287	1290 
316	1	1	40	10	71	73	72	11	37	36 
317	1	1	1659	1661	1723	1724	1726	1664	1662	1660 
318	1	1	414	415	478	477	475	412	411	413 
319	1	1	1476	1477	1540	1542	1543	1481	1479	1478 
320	1	1	232	233	296	298	295	235	231	234 
321	1	1	1287	1289	1351	1354	1352	1291	1288	1290 
322	1	1	1717	1719	1781	1782	1784	1722	1720	1718 
323	1	1	37	38	101	100	104	41	40	36 
324	1	1	472	473	536	535	533	470	469	471 
325	1	1	1601	1603	1665	1666	1668	1605	1604	1602 
326	1	1	359	363	423	419	417	355	353	354 
327	1	1	1351	1353	1415	1418	1416	1355	1352	1354 
328	1	1	101	102	165	164	168	105	104	100 
329	1	1	1662	1664	1726	1727	1729	1667	1665	1663 
330	1	1	417	418	481	480	478	415	414	416 
331	1	1	1720	1722	1784	1785	1787	1725	1723	1721 
332	1	1	475	476	539	538	536	473	472	474 
333	1	1	1540	1541	1604	1606	1607	1545	1543	1542 
334	1	1	296	297	360	362	359	299	295	298 
335	1	1	1773	1774	1836	1837	1839	1777	1775	1772 
336	1	1	527	528	591	589	588	526	524	525 
337	1	1	1415	1417	1479	1482	1480	1419	1416	1418 
338	1	1	165	166	229	228	232	169	168	164 
339	1	1	1723	1725	1787	1788	1790	1728	1726	1724 
340	1	1	478	479	542	541	539	476	475	477 
341	1	1	1775	1777	1839	1840	1842	1780	1778	1776 
342	1	1	530	531	594	593	591	528	527	529 
343	1	1	1665	1667	1729	1730	1732	1669	1668	1666 
344	1	1	423	427	487	483	481	418	417	419 
345	1	1	1479	1481	1543	1546	1544	1483	1480	1482 
346	1	1	1604	1605	1668	1670	1671	1609	1607	1606 
347	1	1	229	230	293	292	296	233	232	228 
348	1	1	360	361	424	426	423	363	359	362 
349	1	1	1778	1780	1842	1843	1845	1783	1781	1779 
350	1	1	533	534	597	596	594	531	530	532 
351	1	1	1726	1728	1790	1791	1793	1731	1729	1727 
352	1	1	481	482	545	544	542	479	478	480 
353	1	1	1543	1545	1607	1610	1608	1547	1544	1546 
354	1	1	293	294	357	356	360	297	296	292 
355	1	1	1781	1783	1845	1846	1848	1786	1784	1782 
356	1	1	536	537	600	599	597	534	533	535 
357	1	1	1668	1669	1732	1733	1735	1673	1671	1670 
358	1	1	424	425	488	490	487	427	423	426 
359	1	1	1784	1786	1848	1849	1851	1789	1787	1785 
360	1	1	539	540	603	602	600	537	536	538 
361	1	1	1729	1731	1793	1794	1796	1734	1732	1730 
362	1	1	487	491	551	547	545	482	481	483 
363	1	1	1607	1609	1671	1674	1672	1611	1608	1610 
364	1	1	357	358	421	420	424	361	360	356 
365	1	1	1787	1789	1851	1852	1854	1792	1790	1788 
366	1	1	542	543	606	605	603	540	539	541 
367	1	1	1732	1734	1796	1797	1799	1737	1735	1733 
368	1	1	488	489	552	554	551	491	487	490 
369	1	1	1671	1673	1735	1738	1736	1675	1672	1674 
370	1	1	421	422	484	485	488	425	424	420 
371	1	1	1790	1792	1854	1855	1857	1795	1793	1791 
372	1	1	545	546	612	608	606	543	542	544 
373	1	1	1793	1795	1857	1858	1860	1798	1796	1794 
374	1	1	551	555	615	614	612	546	545	547 
375	1	1	591	592	655	653	652	590	588	589 
376	1	1	1836	1838	1901	1900	1903	1841	1839	1837 
377	1	1	1735	1737	1799	1802	1800	1739	1736	1738 
378	1	1	484	486	548	549	552	489	488	485 
379	1	1	1839	1841	1903	1904	1906	1844	1842	1840 
380	1	1	594	595	658	657	655	592	591	593 
381	1	1	1796	1798	1860	1861	1863	1801	1799	1797 
382	1	1	1842	1844	1906	1907	1909	1847	1845	1843 
383	1	1	597	598	661	660	658	595	594	596 
384	1	1	552	553	616	618	615	555	551	554 
385	1	1	1845	1847	1909	1910	1912	1850	1848	1846 
386	1	1	600	601	664	663	661	598	597	599 
387	1	1	1848	1850	1912	1913	1915	1853	1851	1849 
388	1	1	603	604	667	666	664	601	600	602 
389	1	1	1799	1801	1863	1866	1864	1803	1800	1802 
390	1	1	548	550	609	610	616	553	552	549 
391	1	1	1851	1853	1915	1916	1918	1856	1854	1852 
392	1	1	606	607	670	669	667	604	603	605 
393	1	1	1854	1856	1918	1919	1921	1859	1857	1855 
394	1	1	612	613	676	672	670	607	606	608 
395	1	1	1857	1859	1921	1922	1924	1862	1860	1858 
396	1	1	615	619	680	678	676	613	612	614 
397	1	1	1860	1862	1924	1925	1927	1865	1863	1861 
398	1	1	616	617	679	681	680	619	615	618 
399	1	1	1863	1865	1927	1928	1929	1867	1864	1866 
400	1	1	609	611	673	674	679	617	616	610 
401	1	1	743	683	679	674	673	675	737	738 
402	1	1	1993	1931	1929	1928	1927	1930	1991	1994 
403	1	1	744	682	680	681	679	683	743	745 
404	1	1	1991	1930	1927	1925	1924	1926	1988	1989 
405	1	1	740	677	676	678	680	682	744	742 
406	1	1	1988	1926	1924	1922	1921	1923	1985	1986 
407	1	1	734	671	670	672	676	677	740	736 
408	1	1	1985	1923	1921	1919	1918	1920	1982	1983 
409	1	1	731	668	667	669	670	671	734	733 
410	1	1	1982	1920	1918	1916	1915	1917	1979	1980 
411	1	1	807	747	743	738	737	739	802	801 
412	1	1	2104	1995	1993	1994	1991	1992	2102	2103 
413	1	1	728	665	664	666	667	668	731	730 
414	1	1	1979	1917	1915	1913	1912	1914	1976	1977 
415	1	1	725	662	661	663	664	665	728	727 
416	1	1	1976	1914	1912	1910	1909	1911	1973	1974 
417	1	1	722	659	658	660	661	662	725	724 
418	1	1	1973	1911	1909	1907	1906	1908	1970	1971 
419	1	1	719	656	655	657	658	659	722	721 
420	1	1	1970	1908	1906	1904	1903	1905	1967	1968 
421	1	1	808	746	744	745	743	747	807	809 
422	1	1	2102	1992	1991	1989	1988	1990	2099	2101 
423	1	1	716	654	652	653	655	656	719	717 
424	1	1	1967	1905	1903	1900	1901	1902	1965	1964 
425	1	1	871	811	807	801	802	803	866	865 
426	1	1	2203	2106	2104	2103	2102	2105	2201	2204 
427	1	1	804	741	740	742	744	746	808	806 
428	1	1	2099	1990	1988	1986	1985	1987	2096	2097 
429	1	1	798	735	734	736	740	741	804	800 
430	1	1	2096	1987	1985	1983	1982	1984	2093	2094 
431	1	1	935	875	871	865	866	867	930	929 
432	1	1	2290	2205	2203	2204	2201	2202	2288	2289 
433	1	1	872	810	808	809	807	811	871	873 
434	1	1	2201	2105	2102	2101	2099	2100	2198	2200 
435	1	1	795	732	731	733	734	735	798	797 
436	1	1	2093	1984	1982	1980	1979	1981	2090	2091 
437	1	1	999	939	935	929	930	931	994	993 
438	1	1	2365	2292	2290	2289	2288	2291	2363	2366 
439	1	1	868	805	804	806	808	810	872	869 
440	1	1	2198	2100	2099	2097	2096	2098	2195	2197 
441	1	1	792	729	728	730	731	732	795	794 
442	1	1	2090	1981	1979	1977	1976	1978	2087	2088 
443	1	1	936	874	872	873	871	875	935	937 
444	1	1	2288	2202	2201	2200	2198	2199	2285	2287 
445	1	1	789	726	725	727	728	729	792	791 
446	1	1	2087	1978	1976	1974	1973	1975	2084	2085 
447	1	1	1063	1003	999	993	994	995	1058	1057 
448	1	1	2428	2367	2365	2366	2363	2364	2426	2427 
449	1	1	862	799	798	800	804	805	868	864 
450	1	1	2195	2098	2096	2094	2093	2095	2192	2193 
451	1	1	786	723	722	724	725	726	789	788 
452	1	1	2084	1975	1973	1971	1970	1972	2081	2082 
453	1	1	1000	938	936	937	935	939	999	1001 
454	1	1	1127	1067	1063	1057	1058	1059	1122	1121 
455	1	1	2363	2291	2288	2287	2285	2286	2360	2362 
456	1	1	2479	2430	2428	2427	2426	2429	2477	2480 
457	1	1	932	870	868	869	872	874	936	933 
458	1	1	2285	2199	2198	2197	2195	2196	2282	2284 
459	1	1	783	720	719	721	722	723	786	785 
460	1	1	2081	1972	1970	1968	1967	1969	2031	2032 
461	1	1	859	796	795	797	798	799	862	861 
462	1	1	2192	2095	2093	2091	2090	2092	2189	2190 
463	1	1	1191	1131	1127	1121	1122	1123	1189	1188 
464	1	1	2518	2481	2479	2480	2477	2478	2516	2517 
465	1	1	780	718	716	717	719	720	783	781 
466	1	1	2031	1969	1967	1964	1965	1966	2000	1999 
467	1	1	1064	1002	1000	1001	999	1003	1063	1065 
468	1	1	2426	2364	2363	2362	2360	2361	2423	2425 
469	1	1	856	793	792	794	795	796	859	858 
470	1	1	2189	2092	2090	2088	2087	2089	2186	2187 
471	1	1	926	863	862	864	868	870	932	927 
472	1	1	2282	2196	2195	2193	2192	2194	2279	2281 
473	1	1	1256	1195	1191	1188	1189	1190	1252	1253 
474	1	1	2544	2520	2518	2517	2516	2519	2543	2545 
475	1	1	996	934	932	933	936	938	1000	997 
476	1	1	2360	2286	2285	2284	2282	2283	2357	2359 
477	1	1	853	790	789	791	792	793	856	855 
478	1	1	1320	1259	1256	1253	1252	1254	1317	1316 
479	1	1	2186	2089	2087	2085	2084	2086	2183	2184 
480	1	1	2554	2547	2544	2545	2543	2546	2550	2558 
481	1	1	1128	1066	1064	1065	1063	1067	1127	1129 
482	1	1	2477	2429	2426	2425	2423	2424	2474	2476 
483	1	1	923	860	859	861	862	863	926	925 
484	1	1	2279	2194	2192	2190	2189	2191	2276	2277 
485	1	1	1317	1318	1381	1380	1384	1321	1320	1316 
486	1	1	2550	2560	2551	2553	2552	2559	2554	2558 
487	1	1	850	787	786	788	789	790	853	852 
488	1	1	2183	2086	2084	2082	2081	2083	2139	2140 
489	1	1	1381	1382	1445	1444	1448	1385	1384	1380 
490	1	1	1060	998	996	997	1000	1002	1064	1061 
491	1	1	2551	2532	2531	2527	2528	2529	2552	2553 
492	1	1	2423	2361	2360	2359	2357	2358	2420	2422 
493	1	1	990	928	926	927	932	934	996	991 
494	1	1	2357	2283	2282	2281	2279	2280	2354	2356 
495	1	1	1192	1130	1128	1129	1127	1131	1191	1193 
496	1	1	2516	2478	2477	2476	2474	2475	2513	2515 
497	1	1	1445	1446	1509	1508	1512	1449	1448	1444 
498	1	1	2531	2496	2495	2491	2492	2493	2528	2527 
499	1	1	1509	1510	1573	1572	1576	1513	1512	1508 
500	1	1	2495	2448	2447	2443	2444	2445	2492	2491 
501	1	1	847	784	783	785	786	787	850	849 
502	1	1	920	857	856	858	859	860	923	922 
503	1	1	2139	2083	2081	2032	2031	2033	2110	2111 
504	1	1	2276	2191	2189	2187	2186	2188	2273	2274 
505	1	1	1573	1574	1637	1636	1640	1577	1576	1572 
506	1	1	2447	2388	2387	2383	2384	2385	2444	2443 
507	1	1	1637	1638	1701	1700	1704	1641	1640	1636 
508	1	1	2387	2316	2315	2311	2312	2313	2384	2383 
509	1	1	1701	1702	1765	1764	1768	1705	1704	1700 
510	1	1	2315	2232	2231	2227	2228	2229	2312	2311 
511	1	1	1255	1194	1192	1193	1191	1195	1256	1257 
512	1	1	2543	2519	2516	2515	2513	2514	2535	2536 
513	1	1	1124	1062	1060	1061	1064	1066	1128	1125 
514	1	1	2474	2424	2423	2422	2420	2421	2471	2473 
515	1	1	1765	1766	1829	1828	1832	1769	1768	1764 
516	1	1	2231	2136	2135	2131	2132	2133	2228	2227 
517	1	1	844	782	780	781	783	784	847	845 
518	1	1	2110	2033	2031	1999	2000	2001	2035	2034 
519	1	1	1829	1830	1893	1892	1896	1833	1832	1828 
520	1	1	2135	2028	2027	2023	2024	2025	2132	2131 
521	1	1	987	924	923	925	926	928	990	988 
522	1	1	2354	2280	2279	2277	2276	2278	2351	2353 
523	1	1	1893	1894	1957	1956	1960	1897	1896	1892 
524	1	1	2027	1961	1960	1956	1957	1958	2024	2023 
525	1	1	917	854	853	855	856	857	920	919 
526	1	1	1054	992	990	991	996	998	1060	1055 
527	1	1	2273	2188	2186	2184	2183	2185	2235	2236 
528	1	1	2420	2358	2357	2356	2354	2355	2417	2419 
529	1	1	1319	1258	1255	1257	1256	1259	1320	1322 
530	1	1	2550	2546	2543	2536	2535	2537	2549	2556 
531	1	1	1185	1126	1124	1125	1128	1130	1192	1186 
532	1	1	2513	2475	2474	2473	2471	2472	2499	2501 
533	1	1	1320	1321	1384	1386	1383	1323	1319	1322 
534	1	1	2549	2557	2548	2555	2551	2560	2550	2556 
535	1	1	914	851	850	852	853	854	917	916 
536	1	1	2235	2185	2183	2140	2139	2141	2209	2210 
537	1	1	984	921	920	922	923	924	987	986 
538	1	1	2351	2278	2276	2274	2273	2275	2319	2320 
539	1	1	1384	1385	1448	1450	1447	1387	1383	1386 
540	1	1	2548	2534	2530	2533	2531	2532	2551	2555 
541	1	1	1118	1056	1054	1055	1060	1062	1124	1119 
542	1	1	2471	2421	2420	2419	2417	2418	2451	2453 
543	1	1	1448	1449	1512	1514	1511	1451	1447	1450 
544	1	1	2530	2498	2494	2497	2495	2496	2531	2533 
545	1	1	1051	989	987	988	990	992	1054	1052 
546	1	1	2417	2355	2354	2353	2351	2352	2391	2393 
547	1	1	1512	1513	1576	1578	1575	1515	1511	1514 
548	1	1	2494	2450	2446	2449	2447	2448	2495	2497 
549	1	1	1576	1577	1640	1642	1639	1579	1575	1578 
550	1	1	2446	2390	2386	2389	2387	2388	2447	2449 
551	1	1	911	848	847	849	850	851	914	913 
552	1	1	2209	2141	2139	2111	2110	2112	2142	2143 
553	1	1	1249	1187	1185	1186	1192	1194	1255	1250 
554	1	1	1640	1641	1704	1706	1703	1643	1639	1642 
555	1	1	2535	2514	2513	2501	2499	2500	2524	2526 
556	1	1	2386	2318	2314	2317	2315	2316	2387	2389 
557	1	1	1704	1705	1768	1770	1767	1707	1703	1706 
558	1	1	2314	2234	2230	2233	2231	2232	2315	2317 
559	1	1	1768	1769	1832	1834	1831	1771	1767	1770 
560	1	1	981	918	917	919	920	921	984	983 
561	1	1	2230	2138	2134	2137	2135	2136	2231	2233 
562	1	1	2319	2275	2273	2236	2235	2237	2296	2297 
563	1	1	1832	1833	1896	1898	1895	1835	1831	1834 
564	1	1	2134	2030	2026	2029	2027	2028	2135	2137 
565	1	1	1896	1897	1960	1962	1959	1899	1895	1898 
566	1	1	2026	1963	1959	1962	1960	1961	2027	2029 
567	1	1	1182	1120	1118	1119	1124	1126	1185	1183 
568	1	1	908	846	844	845	847	848	911	909 
569	1	1	2499	2472	2471	2453	2451	2452	2485	2487 
570	1	1	2142	2112	2110	2034	2035	2036	2041	2040 
571	1	1	1048	985	984	986	987	989	1051	1049 
572	1	1	1313	1251	1249	1250	1255	1258	1319	1314 
573	1	1	2391	2352	2351	2320	2319	2321	2371	2373 
574	1	1	2549	2537	2535	2526	2524	2525	2538	2541 
575	1	1	1115	1053	1051	1052	1054	1056	1118	1116 
576	1	1	2451	2418	2417	2393	2391	2392	2434	2436 
577	1	1	978	915	914	916	917	918	981	980 
578	1	1	2296	2237	2235	2210	2209	2211	2238	2239 
579	1	1	1319	1323	1383	1378	1377	1315	1313	1314 
580	1	1	2538	2542	2539	2540	2548	2557	2549	2541 
581	1	1	1383	1387	1447	1442	1441	1379	1377	1378 
582	1	1	2539	2522	2521	2523	2530	2534	2548	2540 
583	1	1	1447	1451	1511	1506	1505	1443	1441	1442 
584	1	1	2521	2489	2488	2490	2494	2498	2530	2523 
585	1	1	1246	1184	1182	1183	1185	1187	1249	1247 
586	1	1	2524	2500	2499	2487	2485	2486	2502	2504 
587	1	1	1511	1515	1575	1570	1569	1507	1505	1506 
588	1	1	2488	2441	2440	2442	2446	2450	2494	2490 
589	1	1	1575	1579	1639	1634	1633	1571	1569	1570 
590	1	1	2440	2381	2380	2382	2386	2390	2446	2442 
591	1	1	1045	982	981	983	984	985	1048	1047 
592	1	1	2371	2321	2319	2297	2296	2298	2322	2323 
593	1	1	1639	1643	1703	1698	1697	1635	1633	1634 
594	1	1	2380	2309	2308	2310	2314	2318	2386	2382 
595	1	1	975	912	911	913	914	915	978	977 
596	1	1	1703	1707	1767	1762	1761	1699	1697	1698 
597	1	1	2238	2211	2209	2143	2142	2144	2148	2149 
598	1	1	2308	2225	2224	2226	2230	2234	2314	2310 
599	1	1	1767	1771	1831	1826	1825	1763	1761	1762 
600	1	1	2224	2129	2128	2130	2134	2138	2230	2226 
601	1	1	1179	1117	1115	1116	1118	1120	1182	1180 
602	1	1	2485	2452	2451	2436	2434	2435	2454	2456 
603	1	1	1831	1835	1895	1890	1889	1827	1825	1826 
604	1	1	2128	2021	2020	2022	2026	2030	2134	2130 
605	1	1	1112	1050	1048	1049	1051	1053	1115	1113 
606	1	1	2434	2392	2391	2373	2371	2372	2394	2396 
607	1	1	1895	1899	1959	1955	1953	1891	1889	1890 
608	1	1	2020	1954	1953	1955	1959	1963	2026	2022 
609	1	1	1310	1248	1246	1247	1249	1251	1313	1311 
610	1	1	2538	2525	2524	2504	2502	2503	2508	2511 
611	1	1	972	910	908	909	911	912	975	973 
612	1	1	2148	2144	2142	2040	2041	2042	2047	2046 
613	1	1	1042	979	978	980	981	982	1045	1044 
614	1	1	2322	2298	2296	2239	2238	2240	2244	2245 
615	1	1	1313	1315	1377	1375	1374	1312	1310	1311 
616	1	1	2508	2512	2509	2510	2539	2542	2538	2511 
617	1	1	1243	1181	1179	1180	1182	1184	1246	1244 
618	1	1	2502	2486	2485	2456	2454	2455	2460	2462 
619	1	1	1377	1379	1441	1439	1438	1376	1374	1375 
620	1	1	2509	2506	2505	2507	2521	2522	2539	2510 
621	1	1	1109	1046	1045	1047	1048	1050	1112	1110 
622	1	1	1441	1443	1505	1503	1502	1440	1438	1439 
623	1	1	2394	2372	2371	2323	2322	2324	2328	2330 
624	1	1	2505	2483	2482	2484	2488	2489	2521	2507 
625	1	1	1505	1507	1569	1567	1566	1504	1502	1503 
626	1	1	1176	1114	1112	1113	1115	1117	1179	1177 
627	1	1	2482	2438	2437	2439	2440	2441	2488	2484 
628	1	1	2454	2435	2434	2396	2394	2395	2400	2402 
629	1	1	1569	1571	1633	1631	1630	1568	1566	1567 
630	1	1	2437	2378	2377	2379	2380	2381	2440	2439 
631	1	1	1633	1635	1697	1695	1694	1632	1630	1631 
632	1	1	2377	2306	2305	2307	2308	2309	2380	2379 
633	1	1	1697	1699	1761	1759	1758	1696	1694	1695 
634	1	1	2305	2222	2221	2223	2224	2225	2308	2307 
635	1	1	1761	1763	1825	1823	1822	1760	1758	1759 
636	1	1	2221	2126	2125	2127	2128	2129	2224	2223 
637	1	1	1039	976	975	977	978	979	1042	1041 
638	1	1	2244	2240	2238	2149	2148	2150	2154	2155 
639	1	1	1825	1827	1889	1887	1886	1824	1822	1823 
640	1	1	2125	2018	2017	2019	2020	2021	2128	2127 
641	1	1	1889	1891	1953	1952	1950	1888	1886	1887 
642	1	1	2017	1951	1950	1952	1953	1954	2020	2019 
643	1	1	1307	1245	1243	1244	1246	1248	1310	1308 
644	1	1	2508	2503	2502	2462	2460	2461	2466	2469 
645	1	1	1106	1043	1042	1044	1045	1046	1109	1108 
646	1	1	2328	2324	2322	2245	2244	2246	2250	2251 
647	1	1	1240	1178	1176	1177	1179	1181	1243	1241 
648	1	1	2460	2455	2454	2402	2400	2401	2406	2408 
649	1	1	1036	974	972	973	975	976	1039	1037 
650	1	1	2154	2150	2148	2046	2047	2048	2053	2052 
651	1	1	1173	1111	1109	1110	1112	1114	1176	1174 
652	1	1	2400	2395	2394	2330	2328	2329	2334	2336 
653	1	1	1310	1312	1374	1372	1371	1309	1307	1308 
654	1	1	2466	2470	2467	2468	2509	2512	2508	2469 
655	1	1	1374	1376	1438	1436	1435	1373	1371	1372 
656	1	1	2467	2464	2463	2465	2505	2506	2509	2468 
657	1	1	1438	1440	1502	1500	1499	1437	1435	1436 
658	1	1	2463	2458	2457	2459	2482	2483	2505	2465 
659	1	1	1502	1504	1566	1564	1563	1501	1499	1500 
660	1	1	2457	2432	2431	2433	2437	2438	2482	2459 
661	1	1	1566	1568	1630	1628	1627	1565	1563	1564 
662	1	1	2431	2375	2374	2376	2377	2378	2437	2433 
663	1	1	1630	1632	1694	1692	1691	1629	1627	1628 
664	1	1	2374	2303	2302	2304	2305	2306	2377	2376 
665	1	1	1694	1696	1758	1756	1755	1693	1691	1692 
666	1	1	2302	2219	2218	2220	2221	2222	2305	2304 
667	1	1	1758	1760	1822	1820	1819	1757	1755	1756 
668	1	1	2218	2123	2122	2124	2125	2126	2221	2220 
669	1	1	1822	1824	1886	1884	1883	1821	1819	1820 
670	1	1	2122	2015	2014	2016	2017	2018	2125	2124 
671	1	1	1103	1040	1039	1041	1042	1043	1106	1105 
672	1	1	1886	1888	1950	1949	1947	1885	1883	1884 
673	1	1	2014	1948	1947	1949	1950	1951	2017	2016 
674	1	1	2250	2246	2244	2155	2154	2156	2160	2161 
675	1	1	1304	1242	1240	1241	1243	1245	1307	1305 
676	1	1	2466	2461	2460	2408	2406	2407	2412	2415 
677	1	1	1170	1107	1106	1108	1109	1111	1173	1171 
678	1	1	2334	2329	2328	2251	2250	2252	2256	2258 
679	1	1	1237	1175	1173	1174	1176	1178	1240	1238 
680	1	1	2406	2401	2400	2336	2334	2335	2340	2342 
681	1	1	1307	1309	1371	1369	1368	1306	1304	1305 
682	1	1	2412	2416	2413	2414	2467	2470	2466	2415 
683	1	1	1371	1373	1435	1433	1432	1370	1368	1369 
684	1	1	2413	2410	2409	2411	2463	2464	2467	2414 
685	1	1	1435	1437	1499	1497	1496	1434	1432	1433 
686	1	1	2409	2404	2403	2405	2457	2458	2463	2411 
687	1	1	1100	1038	1036	1037	1039	1040	1103	1101 
688	1	1	2160	2156	2154	2052	2053	2054	2059	2058 
689	1	1	1499	1501	1563	1561	1560	1498	1496	1497 
690	1	1	2403	2398	2397	2399	2431	2432	2457	2405 
691	1	1	1563	1565	1627	1625	1624	1562	1560	1561 
692	1	1	2397	2369	2368	2370	2374	2375	2431	2399 
693	1	1	1627	1629	1691	1689	1688	1626	1624	1625 
694	1	1	2368	2300	2299	2301	2302	2303	2374	2370 
695	1	1	1691	1693	1755	1753	1752	1690	1688	1689 
696	1	1	2299	2216	2215	2217	2218	2219	2302	2301 
697	1	1	1755	1757	1819	1817	1816	1754	1752	1753 
698	1	1	2215	2120	2119	2121	2122	2123	2218	2217 
699	1	1	1819	1821	1883	1881	1880	1818	1816	1817 
700	1	1	2119	2012	2011	2013	2014	2015	2122	2121 
701	1	1	1883	1885	1947	1946	1944	1882	1880	1881 
702	1	1	2011	1945	1944	1946	1947	1948	2014	2013 
703	1	1	1167	1104	1103	1105	1106	1107	1170	1169 
704	1	1	2256	2252	2250	2161	2160	2162	2166	2167 
705	1	1	1301	1239	1237	1238	1240	1242	1304	1302 
706	1	1	2412	2407	2406	2342	2340	2341	2346	2349 
707	1	1	1234	1172	1170	1171	1173	1175	1237	1235 
708	1	1	2340	2335	2334	2258	2256	2257	2262	2264 
709	1	1	1304	1306	1368	1366	1365	1303	1301	1302 
710	1	1	2346	2350	2347	2348	2413	2416	2412	2349 
711	1	1	1368	1370	1432	1430	1429	1367	1365	1366 
712	1	1	2347	2344	2343	2345	2409	2410	2413	2348 
713	1	1	1432	1434	1496	1494	1493	1431	1429	1430 
714	1	1	2343	2338	2337	2339	2403	2404	2409	2345 
715	1	1	1496	1498	1560	1558	1557	1495	1493	1494 
716	1	1	2337	2332	2331	2333	2397	2398	2403	2339 
717	1	1	1560	1562	1624	1622	1621	1559	1557	1558 
718	1	1	2331	2326	2325	2327	2368	2369	2397	2333 
719	1	1	1624	1626	1688	1686	1685	1623	1621	1622 
720	1	1	2325	2294	2293	2295	2299	2300	2368	2327 
721	1	1	1164	1102	1100	1101	1103	1104	1167	1165 
722	1	1	1688	1690	1752	1750	1749	1687	1685	1686 
723	1	1	2166	2162	2160	2058	2059	2060	2065	2064 
724	1	1	2293	2213	2212	2214	2215	2216	2299	2295 
725	1	1	1752	1754	1816	1814	1813	1751	1749	1750 
726	1	1	2212	2117	2116	2118	2119	2120	2215	2214 
727	1	1	1816	1818	1880	1878	1877	1815	1813	1814 
728	1	1	2116	2009	2008	2010	2011	2012	2119	2118 
729	1	1	1880	1882	1944	1943	1941	1879	1877	1878 
730	1	1	2008	1942	1941	1943	1944	1945	2011	2010 
731	1	1	1231	1168	1167	1169	1170	1172	1234	1232 
732	1	1	2262	2257	2256	2167	2166	2168	2172	2174 
733	1	1	1298	1236	1234	1235	1237	1239	1301	1299 
734	1	1	2346	2341	2340	2264	2262	2263	2268	2271 
735	1	1	1301	1303	1365	1363	1362	1300	1298	1299 
736	1	1	2268	2272	2269	2270	2347	2350	2346	2271 
737	1	1	1365	1367	1429	1427	1426	1364	1362	1363 
738	1	1	2269	2266	2265	2267	2343	2344	2347	2270 
739	1	1	1429	1431	1493	1491	1490	1428	1426	1427 
740	1	1	2265	2260	2259	2261	2337	2338	2343	2267 
741	1	1	1493	1495	1557	1555	1554	1492	1490	1491 
742	1	1	2259	2254	2253	2255	2331	2332	2337	2261 
743	1	1	1557	1559	1621	1619	1618	1556	1554	1555 
744	1	1	2253	2248	2247	2249	2325	2326	2331	2255 
745	1	1	1621	1623	1685	1683	1682	1620	1618	1619 
746	1	1	2247	2242	2241	2243	2293	2294	2325	2249 
747	1	1	1685	1687	1749	1747	1746	1684	1682	1683 
748	1	1	2241	2207	2206	2208	2212	2213	2293	2243 
749	1	1	1749	1751	1813	1811	1810	1748	1746	1747 
750	1	1	2206	2114	2113	2115	2116	2117	2212	2208 
751	1	1	1813	1815	1877	1875	1874	1812	1810	1811 
752	1	1	2113	2006	2005	2007	2008	2009	2116	2115 
753	1	1	1877	1879	1941	1940	1938	1876	1874	1875 
754	1	1	2005	1939	1938	1940	1941	1942	2008	2007 
755	1	1	1229	1166	1164	1165	1167	1168	1231	1228 
756	1	1	2172	2168	2166	2064	2065	2066	2071	2070 
757	1	1	1295	1233	1231	1232	1234	1236	1298	1296 
758	1	1	2268	2263	2262	2174	2172	2173	2178	2181 
759	1	1	1298	1300	1362	1360	1359	1297	1295	1296 
760	1	1	2178	2182	2179	2180	2269	2272	2268	2181 
761	1	1	1362	1364	1426	1424	1423	1361	1359	1360 
762	1	1	2179	2176	2175	2177	2265	2266	2269	2180 
763	1	1	1426	1428	1490	1488	1487	1425	1423	1424 
764	1	1	2175	2170	2169	2171	2259	2260	2265	2177 
765	1	1	1490	1492	1554	1552	1551	1489	1487	1488 
766	1	1	2169	2164	2163	2165	2253	2254	2259	2171 
767	1	1	1554	1556	1618	1616	1615	1553	1551	1552 
768	1	1	2163	2158	2157	2159	2247	2248	2253	2165 
769	1	1	1618	1620	1682	1680	1679	1617	1615	1616 
770	1	1	2157	2152	2151	2153	2241	2242	2247	2159 
771	1	1	1682	1684	1746	1744	1743	1681	1679	1680 
772	1	1	2151	2146	2145	2147	2206	2207	2241	2153 
773	1	1	1746	1748	1810	1808	1807	1745	1743	1744 
774	1	1	2145	2108	2107	2109	2113	2114	2206	2147 
775	1	1	1810	1812	1874	1872	1871	1809	1807	1808 
776	1	1	2107	2003	2002	2004	2005	2006	2113	2109 
777	1	1	1874	1876	1938	1937	1935	1873	1871	1872 
778	1	1	2002	1936	1935	1937	1938	1939	2005	2004 
779	1	1	1293	1230	1229	1228	1231	1233	1295	1292 
780	1	1	2178	2173	2172	2070	2071	2072	2079	2077 
781	1	1	1295	1297	1359	1356	1357	1294	1293	1292 
782	1	1	1359	1361	1423	1420	1421	1358	1357	1356 
783	1	1	1423	1425	1487	1484	1485	1422	1421	1420 
784	1	1	1487	1489	1551	1548	1549	1486	1485	1484 
785	1	1	1551	1553	1615	1612	1613	1550	1549	1548 
786	1	1	1615	1617	1679	1676	1677	1614	1613	1612 
787	1	1	2079	2080	2076	2078	2179	2182	2178	2077 
788	1	1	2076	2075	2074	2073	2175	2176	2179	2078 
789	1	1	1679	1681	1743	1740	1741	1678	1677	1676 
790	1	1	2074	2069	2068	2067	2169	2170	2175	2073 
791	1	1	2068	2063	2062	2061	2163	2164	2169	2067 
792	1	1	1743	1745	1807	1804	1805	1742	1741	1740 
793	1	1	2062	2057	2056	2055	2157	2158	2163	2061 
794	1	1	2056	2051	2050	2049	2151	2152	2157	2055 
795	1	1	1807	1809	1871	1868	1869	1806	1805	1804 
796	1	1	2050	2045	2044	2043	2145	2146	2151	2049 
797	1	1	2044	2039	2038	2037	2107	2108	2145	2043 
798	1	1	1871	1873	1935	1932	1933	1870	1869	1868 
799	1	1	2038	1998	1997	1996	2002	2003	2107	2037 
800	1	1	1997	1934	1933	1932	1935	1936	2002	1996 
 
%LOAD 
1 
1	'Load_Case_1' 
 
%LOAD.CASE 
1 
 
%LOAD.CASE.LINE.FORCE.UNIFORM 
40 
723	2059	2065	0	-1000        	0.000000	0.000000 
151	1517	1581	0	-1000     	0.000000	0.000000 
376	1836	1901	0	-1000    	0.000000	0.000000 
189	1581	1645	0	-1000    	0.000000	0.000000 
113	1453	1517	0	-1000    	0.000000	0.000000 
231	1645	1709	0	-1000    	0.000000	0.000000 
22	1261	1325	0	-1000    	0.000000	0.000000 
780	2071	2079	0	-1000    	0.000000	0.000000 
466	1965	2000	0	-1000    	0.000000	0.000000 
45	1325	1389	0	-1000    	0.000000	0.000000 
688	2053	2059	0	-1000    	0.000000	0.000000 
756	2065	2071	0	-1000    	0.000000	0.000000 
518	2000	2035	0	-1000    	0.000000	0.000000 
650	2047	2053	0	-1000    	0.000000	0.000000 
424	1901	1965	0	-1000    	0.000000	0.000000 
612	2041	2047	0	-1000    	0.000000	0.000000 
570	2035	2041	0	-1000    	0.000000	0.000000 
283	1709	1773	0	-1000    	0.000000	0.000000 
78	1389	1453	0	-1000    	0.000000	0.000000 
335	1773	1836	0	-1000    	0.000000	0.000000 
755	1229	1164	0	1000     	0.000000	0.000000 
46	140	76	0	1000     	0.000000	0.000000 
375	652	588	0	1000     	0.000000	0.000000 
79	204	140	0	1000     	0.000000	0.000000 
568	908	844	0	1000     	0.000000	0.000000 
284	524	460	0	1000     	0.000000	0.000000 
114	268	204	0	1000     	0.000000	0.000000 
423	716	652	0	1000     	0.000000	0.000000 
336	588	524	0	1000     	0.000000	0.000000 
611	972	908	0	1000     	0.000000	0.000000 
152	332	268	0	1000     	0.000000	0.000000 
21	76	12	0	1000     	0.000000	0.000000 
649	1036	972	0	1000     	0.000000	0.000000 
779	1293	1229	0	1000     	0.000000	0.000000 
465	780	716	0	1000     	0.000000	0.000000 
190	396	332	0	1000     	0.000000	0.000000 
232	460	396	0	1000     	0.000000	0.000000 
721	1164	1100	0	1000     	0.000000	0.000000 
687	1100	1036	0	1000     	0.000000	0.000000 
517	844	780	0	1000     	0.000000	0.000000 
 
%END
